  0.000000000000000E+000 -0.285516791855936      -1.722731060608759E-007
  7.812500000000000E-003 -0.288762268455574      -5.092172838343132E-003
  1.562500000000000E-002 -0.284036725069428      -5.371249883166987E-003
  2.343750000000000E-002 -0.285339744706817      -7.504528866633428E-003
  3.125000000000000E-002 -0.284872558789413      -1.004525607056577E-002
  3.906250000000000E-002 -0.283938692043352      -1.230840123544680E-002
  4.687500000000000E-002 -0.284183792811577      -1.283054905941858E-002
  5.468750000000000E-002 -0.285368959289873      -1.523605709640405E-002
  6.250000000000000E-002 -0.286345638893829      -1.823709207795261E-002
  7.031250000000000E-002 -0.287094478596933      -2.210771144967729E-002
  7.812500000000000E-002 -0.287577089230451      -2.962193103844855E-002
  8.593750000000000E-002 -0.275590988996663      -3.175097760203209E-002
  9.375000000000000E-002 -0.273682951272235      -2.700220224561986E-002
  0.101562500000000      -0.274927893891228      -2.187388739033036E-002
  0.109375000000000      -0.283897623917133      -2.007852584486597E-002
  0.117187500000000      -0.285758091169182      -2.713937684592737E-002
  0.125000000000000      -0.288151372954000      -3.223182252312370E-002
  0.132812500000000      -0.284713133447246      -3.413621589592426E-002
  0.140625000000000      -0.287038903696047      -3.360340637658851E-002
  0.148437500000000      -0.291938729347569      -3.681614108143272E-002
  0.156250000000000      -0.295984021677679      -4.297624180347591E-002
  0.164062500000000      -0.296732407641156      -5.050798062729231E-002
  0.171875000000000      -0.298109970896312      -5.841823451066308E-002
  0.179687500000000      -0.293247592932590      -7.035792701910237E-002
  0.187500000000000      -0.286747820617455      -7.569551060885878E-002
  0.195312500000000      -0.278757777064428      -8.279401220343302E-002
  0.203125000000000      -0.267028911896126      -7.785517600669327E-002
  0.210937500000000      -0.266309235910929      -7.228518601171158E-002
  0.218750000000000      -0.270318889479329      -7.449806401063172E-002
  0.226562500000000      -0.269177761885927      -8.017348817477850E-002
  0.234375000000000      -0.263109674460833      -8.840962276752312E-002
  0.242187500000000      -0.250059213042549      -8.761051613995026E-002
  0.250000000000000      -0.241221212833368      -8.227073785755219E-002
  0.257812500000000      -0.238749273844501      -7.437981092225328E-002
  0.265625000000000      -0.232336298957717      -6.725028173899979E-002
  0.273437500000000      -0.232737365328907      -5.577176781925885E-002
  0.281250000000000      -0.239294893175008      -4.492448386942520E-002
  0.289062500000000      -0.248993970866033      -4.217996926903049E-002
  0.296875000000000      -0.255688474935034      -4.074603761734068E-002
  0.304687500000000      -0.262687934601772      -3.907155248976538E-002
  0.312500000000000      -0.270304005164615      -4.035062277888254E-002
  0.320312500000000      -0.276879709851351      -4.154687721192030E-002
  0.328125000000000      -0.284257858131490      -4.287567499181691E-002
  0.335937500000000      -0.293416459904843      -4.665101314070186E-002
  0.343750000000000      -0.302082636037382      -5.261902504390790E-002
  0.351562500000000      -0.311620113877031      -6.248025787653441E-002
  0.359375000000000      -0.311817118867149      -8.369137460115231E-002
  0.367187500000000      -0.301992038160296      -8.954729110301415E-002
  0.375000000000000      -0.296702815038153      -9.076779833254449E-002
  0.382812500000000      -0.293983881242613      -8.950403345790510E-002
  0.390625000000000      -0.297792882373811      -8.787260176336245E-002
  0.398437500000000      -0.302174133307402      -9.072783580788796E-002
  0.406250000000000      -0.306325284051755      -9.622411597407608E-002
  0.414062500000000      -0.307078113923002      -0.106818160529238     
  0.421875000000000      -0.300405982941775      -0.108613869552864     
  0.429687500000000      -0.299081898047066      -0.108274000531786     
  0.437500000000000      -0.299550432189383      -0.107825406507188     
  0.445312500000000      -0.301150792043961      -0.106542330458135     
  0.453125000000000      -0.305905201288755      -0.105891944505771     
  0.460937500000000      -0.311816431692994      -0.106328709801686     
  0.468750000000000      -0.319426266352610      -0.107818689191954     
  0.476562500000000      -0.329509199985219      -0.111484226371472     
  0.484375000000000      -0.338645491266980      -0.119669864936801     
  0.492187500000000      -0.347666746230376      -0.128879788316918     
  0.500000000000000      -0.357510660986009      -0.141421890281898     
  0.507812500000000      -0.367161304319609      -0.161204409326867     
  0.515625000000000      -0.359889609464661      -0.188360928072631     
  0.523437500000000      -0.348598895162433      -0.201877457812433     
  0.531250000000000      -0.338231431511958      -0.212039951197082     
  0.539062500000000      -0.327257293153365      -0.220211615760588     
  0.546875000000000      -0.311958768038041      -0.225002647489432     
  0.554687500000000      -0.303472377219010      -0.217959482645176     
  0.562500000000000      -0.302402163677596      -0.212677458606254     
  0.570312500000000      -0.306183397993697      -0.209652771157924     
  0.578125000000000      -0.314162344214170      -0.210747116082756     
  0.585937500000000      -0.322141494990258      -0.221402174179247     
  0.593750000000000      -0.322748589094368      -0.230817636493814     
  0.601562500000000      -0.324175125649878      -0.239453188642666     
  0.609375000000000      -0.326264759707847      -0.249411597536105     
  0.617187500000000      -0.328297671746885      -0.262506061543264     
  0.625000000000000      -0.323840887438547      -0.281760652241834     
  0.632812500000000      -0.313295184444286      -0.291887387663569     
  0.640625000000000      -0.304953266910889      -0.299353107400490     
  0.648437500000000      -0.297480935420438      -0.305593636549198     
  0.656250000000000      -0.290497323957019      -0.310484804931576     
  0.664062500000000      -0.284841122693780      -0.312025837504629     
  0.671875000000000      -0.286831211631556      -0.317004376194896     
  0.679687500000000      -0.286817939730069      -0.326188225735566     
  0.687500000000000      -0.285430198293329      -0.337605063382719     
  0.695312500000000      -0.282103829198592      -0.351144153535354     
  0.703125000000000      -0.275319645586552      -0.366807017855414     
  0.710937500000000      -0.260791005104901      -0.379534443251983     
  0.718750000000000      -0.249519191173015      -0.386789304215675     
  0.726562500000000      -0.239243221446897      -0.394494896306431     
  0.734375000000000      -0.228560615517715      -0.402652403778227     
  0.742187500000000      -0.216460140637249      -0.411029564344867     
  0.750000000000000      -0.201323746852080      -0.418785018917394     
  0.757812500000000      -0.184274862209735      -0.418189457049646     
  0.765625000000000      -0.174676500038272      -0.417055551246864     
  0.773437500000000      -0.167002541333445      -0.417798669640741     
  0.781250000000000      -0.160058221013966      -0.420076860715674     
  0.789062500000000      -0.153126148796432      -0.423604939774717     
  0.796875000000000      -0.145630395123756      -0.427688876697261     
  0.804687500000000      -0.140150336078660      -0.430775386279780     
  0.812500000000000      -0.136063455426769      -0.438616585821536     
  0.820312500000000      -0.130246505390981      -0.450205679109419     
  0.828125000000000      -0.121282831665319      -0.465562199881904     
  0.835937500000000      -0.106677097979391      -0.484757290330587     
  0.843750000000000      -8.157581782529712E-002 -0.506771622685828     
  0.851562500000000      -3.219975026178170E-002 -0.519826957261006     
  0.859375000000000       2.758079218907837E-003 -0.501445764802691     
  0.867187500000000       2.649505280060661E-002 -0.485348491322769     
  0.875000000000000       4.576256421504123E-002 -0.470136289891097     
  0.882812500000000       6.241324067787982E-002 -0.455171141692243     
  0.890625000000000       7.722931365959822E-002 -0.439822621442091     
  0.898437500000000       9.044322112590354E-002 -0.423126800043777     
  0.906250000000000       9.855576171162805E-002 -0.402549177677772     
  0.914062500000000       0.100363165288032      -0.387399085459821     
  0.921875000000000       0.101692804393250      -0.375770156808425     
  0.929687500000000       0.102904486883678      -0.366479666912306     
  0.937500000000000       0.104205401705586      -0.359058970555934     
  0.945312500000000       0.105723133392416      -0.353312932301612     
  0.953125000000000       0.107463213085702      -0.349409754960490     
  0.960937500000000       0.111202104885108      -0.349943983984775     
  0.968750000000000       0.120793822520433      -0.348124966083614     
  0.976562500000000       0.131232740833824      -0.343819659892229     
  0.984375000000000       0.142226352412858      -0.337584710490313     
  0.992187500000000       0.153547921819323      -0.329334935698477     
   1.00000000000000       0.164903645535636      -0.318715682620979     
   1.00781250000000       0.175810067899112      -0.305002609365556     
   1.01562500000000       0.185086256442390      -0.285766778505561     
   1.02343750000000       0.181718561096289      -0.266691331636168     
   1.03125000000000       0.178490497934768      -0.254389296608021     
   1.03906250000000       0.175751305816117      -0.244286018914686     
   1.04687500000000       0.173361685068822      -0.235494532470143     
   1.05468750000000       0.171221138072727      -0.227591808515499     
   1.06250000000000       0.169219651577602      -0.220333299683018     
   1.07031250000000       0.167181176528269      -0.213586477285820     
   1.07812500000000       0.164553017700933      -0.207734255097137     
   1.08593750000000       0.163050567392432      -0.203353698346917     
   1.09375000000000       0.162308436889979      -0.199042779582682     
   1.10156250000000       0.162105255747568      -0.194783524042968     
   1.10937500000000       0.162371884014252      -0.190474225225804     
   1.11718750000000       0.163053279786496      -0.185984466373025     
   1.12500000000000       0.164072915194671      -0.181151180365896     
   1.13281250000000       0.165293614795943      -0.175754564692301     
   1.14062500000000       0.166369373975207      -0.169290848170222     
   1.14843750000000       0.165582469121148      -0.163091192068231     
   1.15625000000000       0.165114880849585      -0.157656030666957     
   1.16406250000000       0.164802267937498      -0.152309018177486     
   1.17187500000000       0.164546822341081      -0.146897132849202     
   1.17968750000000       0.164258745469055      -0.141333905984724     
   1.18750000000000       0.163838126218695      -0.135555737684251     
   1.19531250000000       0.163156551512550      -0.129500352317732     
   1.20312500000000       0.161998065382657      -0.123054639536399     
   1.21093750000000       0.159091371687556      -0.116368387628512     
   1.21875000000000       0.155871372680070      -0.111723484468884     
   1.22656250000000       0.153128296983275      -0.107600071803708     
   1.23437500000000       0.150637774838581      -0.103754144350813     
   1.24218750000000       0.148311189109735      -0.100101314971900     
   1.25000000000000       0.146098636929400      -9.660324227599691E-002
   1.25781250000000       0.143969640382614      -9.324563999706979E-002
   1.26562500000000       0.141910320471918      -9.003565305318112E-002
   1.27343750000000       0.139940271243607      -8.702086765900766E-002
   1.28125000000000       0.138448505856038      -8.419914676247001E-002
   1.28906250000000       0.137024941624113      -8.085339891552910E-002
   1.29687500000000       0.135413776352025      -7.740305423888992E-002
   1.30468750000000       0.133631588775093      -7.391020551008454E-002
   1.31250000000000       0.131658012002886      -7.041373643733635E-002
   1.32031250000000       0.129464022510998      -6.695450417077221E-002
   1.32812500000000       0.127015543210509      -6.358303666230229E-002
   1.33593750000000       0.124270185854439      -6.036769710903207E-002
   1.34375000000000       0.121158490870380      -5.741516075831550E-002
   1.35156250000000       0.117426335568432      -5.500627503239523E-002
   1.35937500000000       0.114414576405571      -5.431270786979812E-002
   1.36718750000000       0.112346003595831      -5.323866493174038E-002
   1.37500000000000       0.110575624738660      -5.197400639336086E-002
   1.38281250000000       0.108990089264554      -5.056582711748575E-002
   1.39062500000000       0.107528763517448      -4.902672592468642E-002
   1.39843750000000       0.106147333111305      -4.735654474713629E-002
   1.40625000000000       0.104806049577881      -4.554784688511557E-002
   1.41406250000000       0.103463025626979      -4.358562662647398E-002
   1.42187500000000       0.102064902216258      -4.143714722751885E-002
   1.42968750000000       0.100486032795040      -3.894376854270259E-002
   1.43750000000000       9.811728364706807E-002 -3.676908474790204E-002
   1.44531250000000       9.591057540892838E-002 -3.497063814743010E-002
   1.45312500000000       9.375913904446083E-002 -3.330060685832745E-002
   1.46093750000000       9.163112144431215E-002 -3.171818156533470E-002
   1.46875000000000       8.950754511630310E-002 -3.020871344237576E-002
   1.47656250000000       8.737407887320299E-002 -2.876821801570735E-002
   1.48437500000000       8.521821288496435E-002 -2.739920787062091E-002
   1.49218750000000       8.302718650691578E-002 -2.610995015490603E-002
   1.50000000000000       8.078408566693542E-002 -2.491674594133882E-002
   1.50781250000000       7.845065592086853E-002 -2.385735192654550E-002
   1.51562500000000       7.608586476498112E-002 -2.323671900322848E-002
   1.52343750000000       7.413079337340675E-002 -2.269582077489821E-002
   1.53125000000000       7.229946142367794E-002 -2.210157384698607E-002
   1.53906250000000       7.053442859927568E-002 -2.147919743209172E-002
   1.54687500000000       6.880819633018397E-002 -2.083969088278149E-002
   1.55468750000000       6.710206018878077E-002 -2.018983729571150E-002
   1.56250000000000       6.540031080277675E-002 -1.953459660774940E-002
   1.57031250000000       6.368706890238128E-002 -1.887796897267463E-002
   1.57812500000000       6.194271329677931E-002 -1.822328161738627E-002
   1.58593750000000       6.013589393705007E-002 -1.757289575537099E-002
   1.59375000000000       5.818774082356732E-002 -1.692511693905800E-002
   1.60156250000000       5.589233358701375E-002 -1.667834547620699E-002
   1.60937500000000       5.400399606845036E-002 -1.678711043101335E-002
   1.61718750000000       5.231813074330794E-002 -1.692430236951649E-002
   1.62500000000000       5.076856481521214E-002 -1.708225007751497E-002
   1.63281250000000       4.932962129369899E-002 -1.725849566827840E-002
   1.64062500000000       4.798891791499328E-002 -1.745223852596458E-002
   1.64843750000000       4.674108127896905E-002 -1.766356434409030E-002
   1.65625000000000       4.558608714460807E-002 -1.789330322015418E-002
   1.66406250000000       4.452993054046080E-002 -1.814324393962795E-002
   1.67187500000000       4.358861867707806E-002 -1.841692881522381E-002
   1.67968750000000       4.280369809096145E-002 -1.872251808565155E-002
   1.68750000000000       4.242947395773253E-002 -1.904301281520291E-002
   1.69531250000000       4.206067322592140E-002 -1.868073952477317E-002
   1.70312500000000       4.144288252849529E-002 -1.827987784274651E-002
   1.71093750000000       4.072200371707844E-002 -1.786912018746941E-002
   1.71875000000000       3.993457478105654E-002 -1.745776920694670E-002
   1.72656250000000       3.909747917423326E-002 -1.705154820939709E-002
   1.73437500000000       3.822015621518866E-002 -1.665494728874811E-002
   1.74218750000000       3.730838564295685E-002 -1.627209744483879E-002
   1.75000000000000       3.636580415293665E-002 -1.590734298903243E-002
   1.75781250000000       3.539451978742477E-002 -1.556592803288387E-002
   1.76562500000000       3.439510909515463E-002 -1.525536804205290E-002
   1.77343750000000       3.336536454570490E-002 -1.498971819700800E-002
   1.78125000000000       3.228516191040631E-002 -1.483188312546489E-002
   1.78906250000000       3.141699917249775E-002 -1.476802535456702E-002
   1.79687500000000       3.058652596362648E-002 -1.460844787003897E-002
   1.80468750000000       2.976294872496113E-002 -1.440603832820738E-002
   1.81250000000000       2.893658072426390E-002 -1.417167691015934E-002
   1.82031250000000       2.810071056216817E-002 -1.390997543788181E-002
   1.82812500000000       2.724923816883044E-002 -1.362309048837890E-002
   1.83593750000000       2.637565633511905E-002 -1.331181909531078E-002
   1.84375000000000       2.547218900704072E-002 -1.297594529149482E-002
   1.85156250000000       2.452856747580496E-002 -1.261420858257131E-002
   1.85937500000000       2.352961607585051E-002 -1.222383276115216E-002
   1.86718750000000       2.244897192128863E-002 -1.179893516830424E-002
   1.87500000000000       2.122401265742242E-002 -1.132353564007601E-002
   1.88281250000000       1.949481402185940E-002 -1.100033502072098E-002
   1.89062500000000       1.807785703665687E-002 -1.128497445007601E-002
   1.89843750000000       1.689794109855039E-002 -1.152757035007566E-002
   1.90625000000000       1.581565387173997E-002 -1.172545509063496E-002
   1.91406250000000       1.478230979114096E-002 -1.188398518327721E-002
   1.92187500000000       1.377145899094933E-002 -1.200757082833239E-002
   1.92968750000000       1.276493303938764E-002 -1.209930233301210E-002
   1.93750000000000       1.174772078577251E-002 -1.216111519321824E-002
   1.94531250000000       1.070518375034155E-002 -1.219389824264780E-002
   1.95312500000000       9.620647872480348E-003 -1.219746298974884E-002
   1.96093750000000       8.471966553276316E-003 -1.217031697044596E-002
   1.96875000000000       7.224121041953627E-003 -1.210910044116349E-002
   1.97656250000000       5.805327206381768E-003 -1.200737044792970E-002
   1.98437500000000       3.860634468299027E-003 -1.188019576425936E-002
   1.99218750000000       2.006550484047371E-003 -1.279826052920201E-002
   2.00000000000000       5.536701781635376E-004 -1.365062286285786E-002
   2.00781250000000      -7.716504735976580E-004 -1.448373846715267E-002
   2.01562500000000      -2.029293930859947E-003 -1.530847352117273E-002
   2.02343750000000      -3.250376619700197E-003 -1.612935541432328E-002
   2.03125000000000      -4.457719219135322E-003 -1.694732433584167E-002
   2.03906250000000      -5.673777026871909E-003 -1.775982685614532E-002
   2.04687500000000      -6.927371267136910E-003 -1.856011128691859E-002
   2.05468750000000      -8.263738351952541E-003 -1.933690902287849E-002
   2.06250000000000      -9.762983707298840E-003 -2.007760746045907E-002
   2.07031250000000      -1.157511010927920E-002 -2.078367149454674E-002
   2.07812500000000      -1.398955212232414E-002 -2.152085203114060E-002
   2.08593750000000      -1.762752777472807E-002 -2.258913572138245E-002
   2.09375000000000      -2.462180498750852E-002 -2.669192916081265E-002
   2.10156250000000      -2.501940227948520E-002 -3.610260645419097E-002
   2.10937500000000      -2.213838086966514E-002 -4.292056579006215E-002
   2.11718750000000      -1.781823272453130E-002 -4.740128011942977E-002
   2.12500000000000      -1.330294462423861E-002 -4.980012561240571E-002
   2.13281250000000      -9.295832442045245E-003 -5.071260140291105E-002
   2.14062500000000      -6.036472975731924E-003 -5.073274688650413E-002
   2.14843750000000      -3.507282831708489E-003 -5.029662049997383E-002
   2.15625000000000      -1.593464814576184E-003 -4.967812413815743E-002
   2.16406250000000      -1.648857675133870E-004 -4.903488007623791E-002
   2.17187500000000       8.928257646025938E-004 -4.845330766191026E-002
   2.17968750000000       1.671118857556462E-003 -4.798065628928320E-002
   2.18750000000000       2.240378439520359E-003 -4.764619559443081E-002
   2.19531250000000       2.654285862190499E-003 -4.747804828121427E-002
   2.20312500000000       2.954388188061212E-003 -4.753264938819057E-002
   2.21093750000000       3.419294901037926E-003 -4.804982522098963E-002
   2.21875000000000       4.291837869353272E-003 -4.831518685033077E-002
   2.22656250000000       5.135124254276419E-003 -4.843335828008880E-002
   2.23437500000000       5.952386751592777E-003 -4.847954386498207E-002
   2.24218750000000       6.747696263130695E-003 -4.847704616929557E-002
   2.25000000000000       7.525139662522934E-003 -4.843634241766684E-002
   2.25781250000000       8.288682764654602E-003 -4.836254999537669E-002
   2.26562500000000       9.042153334647907E-003 -4.825782102416055E-002
   2.27343750000000       9.789243697453463E-003 -4.812223525139706E-002
   2.28125000000000       1.053349430792747E-002 -4.795406889817678E-002
   2.28906250000000       1.127822901956786E-002 -4.774969381183903E-002
   2.29687500000000       1.202640246764182E-002 -4.750312517653407E-002
   2.30468750000000       1.278028430721580E-002 -4.720501857509597E-002
   2.31250000000000       1.354079441847623E-002 -4.684036782561610E-002
   2.32031250000000       1.430582939148354E-002 -4.638155915878948E-002
   2.32812500000000       1.506155658672055E-002 -4.573741543917201E-002
   2.33593750000000       1.545677515712887E-002 -4.503229385026509E-002
   2.34375000000000       1.583546547833640E-002 -4.447599556840089E-002
   2.35156250000000       1.620940617207289E-002 -4.395047828624724E-002
   2.35937500000000       1.657763971157306E-002 -4.343270188974047E-002
   2.36718750000000       1.693939234624936E-002 -4.291067932797731E-002
   2.37500000000000       1.729362772906052E-002 -4.237617732587449E-002
   2.38281250000000       1.763890865102376E-002 -4.182252627011609E-002
   2.39062500000000       1.797329821411204E-002 -4.124366453363467E-002
   2.39843750000000       1.829424228674613E-002 -4.063357296670551E-002
   2.40625000000000       1.859839897966818E-002 -3.998580602608124E-002
   2.41406250000000       1.888136689103410E-002 -3.929294434553836E-002
   2.42187500000000       1.913721435011419E-002 -3.854575515968026E-002
   2.42968750000000       1.935757297794353E-002 -3.773161520894725E-002
   2.43750000000000       1.952960168666257E-002 -3.683091597982476E-002
   2.44531250000000       1.963006443730981E-002 -3.580629392472044E-002
   2.45312500000000       1.959313891170297E-002 -3.454159500530982E-002
   2.46093750000000       1.877886104890066E-002 -3.328794992161245E-002
   2.46875000000000       1.796772656809087E-002 -3.259525871857122E-002
   2.47656250000000       1.722041247929744E-002 -3.208299699125276E-002
   2.48437500000000       1.651455649534131E-002 -3.169142914054199E-002
   2.49218750000000       1.584190321232935E-002 -3.139434263520769E-002
   2.50000000000000       1.519881239621388E-002 -3.117697790305032E-002
   2.53125000000000       1.291077919994822E-002 -3.095788890714346E-002
   2.56250000000000       1.117112792869648E-002 -3.164012588191584E-002
   2.59375000000000       1.085972951126191E-002 -3.317781350427337E-002
   2.62500000000000       1.135868433335301E-002 -3.320066880657295E-002
   2.65625000000000       1.146962607186793E-002 -3.292582569507221E-002
   2.68750000000000       1.135839346716941E-002 -3.256164947892622E-002
   2.71875000000000       1.094409086864444E-002 -3.222094738990163E-002
   2.75000000000000       1.044581344012857E-002 -3.259820036438423E-002
   2.78125000000000       1.058539128572194E-002 -3.299114569130637E-002
   2.81250000000000       1.103795004433312E-002 -3.316919135187318E-002
   2.84375000000000       1.170102776673671E-002 -3.298602790542602E-002
   2.87500000000000       1.229456643166245E-002 -3.202068528711460E-002
   2.90625000000000       1.183732677568516E-002 -3.133299055439924E-002
   2.93750000000000       1.150319648296497E-002 -3.099239550808213E-002
   2.96875000000000       1.120062070154502E-002 -3.076562538079998E-002
   3.00000000000000       1.088609426581091E-002 -3.062912778092877E-002
   3.03125000000000       1.050814962132209E-002 -3.071729947337469E-002
   3.06250000000000       1.048405312010026E-002 -3.094792444574461E-002
   3.09375000000000       1.056943377965305E-002 -3.108102656047627E-002
   3.12500000000000       1.071965341541637E-002 -3.116268371165811E-002
   3.15625000000000       1.092489649604980E-002 -3.120132248130331E-002
   3.18750000000000       1.120868406580557E-002 -3.118682708574163E-002
   3.21875000000000       1.144457800191014E-002 -3.101292541849164E-002
   3.25000000000000       1.162559692871075E-002 -3.085924334776865E-002
   3.28125000000000       1.179008972175712E-002 -3.070587429713734E-002
   3.31250000000000       1.193716179901588E-002 -3.055267103594453E-002
   3.34375000000000       1.205285505701402E-002 -3.040862336809095E-002
   3.37500000000000       1.214717302480141E-002 -3.037849721797700E-002
   3.40625000000000       1.237413486432886E-002 -3.035864169184040E-002
   3.43750000000000       1.265086773348287E-002 -3.030178897132421E-002
   3.46875000000000       1.296540945353960E-002 -3.021173300517371E-002
   3.50000000000000       1.331924803436080E-002 -3.008525491543198E-002
   3.53125000000000       1.374058964619149E-002 -2.990244148411711E-002
   3.56250000000000       1.410029883267726E-002 -2.951145740426084E-002
   3.59375000000000       1.433478592761511E-002 -2.916296144624860E-002
   3.62500000000000       1.453218502416872E-002 -2.884169237513088E-002
   3.65625000000000       1.470425714469896E-002 -2.854664939173136E-002
   3.68750000000000       1.485682768024487E-002 -2.829074400496703E-002
   3.71875000000000       1.500060108648767E-002 -2.813487379480414E-002
   3.75000000000000       1.543173603735295E-002 -2.799486041165676E-002
   3.78125000000000       1.585042069471680E-002 -2.763041557354995E-002
   3.81250000000000       1.621563882465495E-002 -2.715801235280108E-002
   3.84375000000000       1.650938729320649E-002 -2.659194613244547E-002
   3.87500000000000       1.669791957941780E-002 -2.592960565711154E-002
   3.90625000000000       1.669258008452222E-002 -2.514205391512282E-002
   3.93750000000000       1.612406193655806E-002 -2.460911948535380E-002
   3.96875000000000       1.583346065886533E-002 -2.453681384915441E-002
   4.00000000000000       1.571476642121139E-002 -2.451364329033439E-002
   4.03125000000000       1.570808394000880E-002 -2.450647683206367E-002
   4.06250000000000       1.579426946466235E-002 -2.449843472693595E-002
   4.09375000000000       1.597293215508080E-002 -2.447353667259625E-002
   4.12500000000000       1.630404817990452E-002 -2.438180468379852E-002
   4.15625000000000       1.650550412471034E-002 -2.405043377683233E-002
   4.18750000000000       1.662484211716381E-002 -2.379327790922656E-002
   4.21875000000000       1.672667234484944E-002 -2.357326179490975E-002
   4.25000000000000       1.682527075857295E-002 -2.338575331849822E-002
   4.28125000000000       1.692923337410374E-002 -2.323427373813643E-002
   4.31250000000000       1.704893777756058E-002 -2.313379742117164E-002
   4.34375000000000       1.725239662919662E-002 -2.316752064562366E-002
   4.37500000000000       1.769087723664573E-002 -2.303591897386186E-002
   4.40625000000000       1.808770471109269E-002 -2.278981434235355E-002
   4.43750000000000       1.846227998006500E-002 -2.248402967431627E-002
   4.46875000000000       1.881858453285616E-002 -2.213233232061735E-002
   4.50000000000000       1.915844030118266E-002 -2.174043461321452E-002
   4.53125000000000       1.948419295330772E-002 -2.130964201757233E-002
   4.56250000000000       1.980556907850485E-002 -2.083184916203072E-002
   4.59375000000000       2.006036408108333E-002 -2.025646604485083E-002
   4.62500000000000       2.023851410040549E-002 -1.969199288555236E-002
   4.65625000000000       2.037573246344208E-002 -1.912392951788018E-002
   4.68750000000000       2.047338222313118E-002 -1.854724378809461E-002
   4.71875000000000       2.052826839508485E-002 -1.795907760591604E-002
   4.75000000000000       2.053237157685367E-002 -1.735616736761299E-002
   4.78125000000000       2.046606182482583E-002 -1.673157663763607E-002
   4.81250000000000       2.020370454102858E-002 -1.610118382850348E-002
   4.84375000000000       1.992943746541968E-002 -1.574195452251471E-002
   4.87500000000000       1.973420733934225E-002 -1.541971420503482E-002
   4.90625000000000       1.957085167915814E-002 -1.511452368588342E-002
   4.93750000000000       1.942397295925079E-002 -1.482024946825614E-002
   4.96875000000000       1.928429989836924E-002 -1.453381088789042E-002
   5.00000000000000       1.914338524759442E-002 -1.425333343920065E-002
   5.03125000000000       1.898834773955772E-002 -1.397744959626610E-002
   5.06250000000000       1.876151311921968E-002 -1.373235837532853E-002
   5.09375000000000       1.859230667261688E-002 -1.361723285158587E-002
   5.12500000000000       1.848391652239189E-002 -1.350721385907890E-002
   5.15625000000000       1.841176062182804E-002 -1.340159356499216E-002
   5.18750000000000       1.836967750242807E-002 -1.330028357764139E-002
   5.21875000000000       1.835645600855592E-002 -1.320353061126216E-002
   5.25000000000000       1.837455713582273E-002 -1.311205419181877E-002
   5.28125000000000       1.843247106320586E-002 -1.302763404474215E-002
   5.31250000000000       1.856236371108885E-002 -1.295665694909403E-002
   5.34375000000000       1.880920301704483E-002 -1.272953472365556E-002
   5.37500000000000       1.894466884075549E-002 -1.242672698237986E-002
   5.40625000000000       1.903795139484571E-002 -1.211440390281455E-002
   5.43750000000000       1.910343527315573E-002 -1.179576676554085E-002
   5.46875000000000       1.914611501288980E-002 -1.147207425690051E-002
   5.50000000000000       1.916716478438496E-002 -1.114380320750264E-002
   5.53125000000000       1.916460486633591E-002 -1.081080656803985E-002
   5.56250000000000       1.913085065366736E-002 -1.047184715182818E-002
   5.59375000000000       1.902895639552262E-002 -1.011981218649766E-002
   5.62500000000000       1.887054175196481E-002 -9.930102277599143E-003
   5.65625000000000       1.880210642865222E-002 -9.769323066818382E-003
   5.68750000000000       1.877050123588324E-002 -9.615756427343700E-003
   5.71875000000000       1.876757157365113E-002 -9.467440682241422E-003
   5.75000000000000       1.879189863300734E-002 -9.323775607469074E-003
   5.78125000000000       1.884585076504823E-002 -9.184840011095756E-003
   5.81250000000000       1.893615401925656E-002 -9.051388002642678E-003
   5.84375000000000       1.907826286067706E-002 -8.925425363767676E-003
   5.87500000000000       1.932066927012805E-002 -8.813621639120878E-003
   5.90625000000000       1.976525156990462E-002 -8.464355452629123E-003
   5.93750000000000       2.000306517123665E-002 -7.952680188654910E-003
   5.96875000000000       2.015079013698979E-002 -7.427005842254616E-003
   6.00000000000000       2.023832330037207E-002 -6.892757473070396E-003
   6.03125000000000       2.027723432512413E-002 -6.352511462169278E-003
   6.06250000000000       2.027301492159928E-002 -5.807900799784903E-003
   6.09375000000000       2.022800158819435E-002 -5.260107252667851E-003
   6.12500000000000       2.014201612440717E-002 -4.710019417597498E-003
   6.15625000000000       2.001114324694094E-002 -4.158169034874665E-003
   6.18750000000000       1.981448310589313E-002 -3.603249627521011E-003
   6.21875000000000       1.956554339099103E-002 -3.146258335309174E-003
   6.25000000000000       1.934558005498418E-002 -2.703671887677138E-003
   6.28125000000000       1.912006252704813E-002 -2.263523484884302E-003
   6.31250000000000       1.888123130255512E-002 -1.824750737448245E-003
   6.34375000000000       1.862418522944244E-002 -1.386824561955509E-003
   6.37500000000000       1.834432581208372E-002 -9.493929362345311E-004
   6.40625000000000       1.803606564091587E-002 -5.121528592635419E-004
   6.43750000000000       1.769110782306030E-002 -7.475397964165525E-005
   6.46875000000000       1.729403108377859E-002  3.633802402592176E-004
   6.50000000000000       1.679938349594021E-002  8.039206307606077E-004
   6.53125000000000       1.615573498593207E-002  1.014065727811387E-003
   6.56250000000000       1.568824133087871E-002  1.121188310485027E-003
   6.59375000000000       1.528044723069278E-002  1.225355629921985E-003
   6.62500000000000       1.490598416182540E-002  1.327699814029066E-003
   6.65625000000000       1.455312431033356E-002  1.428767158790105E-003
   6.68750000000000       1.421474470836565E-002  1.528922450549743E-003
   6.71875000000000       1.388556059865842E-002  1.628468292058483E-003
   6.75000000000000       1.356081562582911E-002  1.727713249621512E-003
   6.78125000000000       1.323508616334187E-002  1.827055595256057E-003
   6.81250000000000       1.289968321997774E-002  1.927202332277657E-003
   6.84375000000000       1.252242765075564E-002  2.030963222456766E-003
   6.87500000000000       1.213422607416919E-002  2.011605589925709E-003
   6.90625000000000       1.181343463956324E-002  1.982925221010221E-003
   6.93750000000000       1.152178391325906E-002  1.951376808288556E-003
   6.96875000000000       1.125138357048784E-002  1.917705448110184E-003
   7.00000000000000       1.099843789948967E-002  1.882275940363630E-003
   7.03125000000000       1.076075851527608E-002  1.845301953255554E-003
   7.06250000000000       1.053705049397118E-002  1.806911747460344E-003
   7.09375000000000       1.032669353468709E-002  1.767166898922589E-003
   7.12500000000000       1.012981168294582E-002  1.726051120787392E-003
   7.15625000000000       9.947856257135297E-003  1.683400046790725E-003
   7.18750000000000       9.787108492740611E-003  1.638478521564817E-003
   7.21875000000000       9.658379678180767E-003  1.627310642790475E-003
   7.25000000000000       9.507488378650489E-003  1.634889067089987E-003
   7.28125000000000       9.350703199211812E-003  1.643561082852257E-003
   7.31250000000000       9.191491466744537E-003  1.652856154362518E-003
   7.34375000000000       9.030965953630607E-003  1.662603502207848E-003
   7.37500000000000       8.869439301415483E-003  1.672734695969522E-003
   7.40625000000000       8.706798066285106E-003  1.683235046231252E-003
   7.43750000000000       8.542596471286839E-003  1.694129863043842E-003
   7.46875000000000       8.376007328503231E-003  1.705487334528135E-003
   7.50000000000000       8.205580031781047E-003  1.717441744290914E-003
   7.53125000000000       8.028402729459065E-003  1.730277012582353E-003
   7.56250000000000       7.834464662926567E-003  1.744993523152407E-003
   7.59375000000000       7.623504344069628E-003  1.715167288347275E-003
   7.62500000000000       7.440530241071313E-003  1.675585047360953E-003
   7.65625000000000       7.267139708078013E-003  1.635023846998674E-003
   7.68750000000000       7.099213419052411E-003  1.593920404624856E-003
   7.71875000000000       6.934263677082031E-003  1.552537995541052E-003
   7.75000000000000       6.770058909111735E-003  1.511109847165597E-003
   7.78125000000000       6.603989088375645E-003  1.469905355103792E-003
   7.81250000000000       6.432345059278312E-003  1.429305004635964E-003
   7.84375000000000       6.248916461100985E-003  1.389946648145965E-003
   7.87500000000000       6.041293579536791E-003  1.353114715435902E-003
   7.90625000000000       5.777387845585276E-003  1.322175703255540E-003
   7.93750000000000       5.310975701737033E-003  1.312811761194300E-003
   7.96875000000000       5.129759357785153E-003 -4.168165254743474E-007
   8.00000000000000       5.562045167192627E-003 -2.449270644980172E-007
   8.03125000000000       5.714561502704636E-003 -1.814662957120211E-007
   8.06250000000000       5.789012115126712E-003 -1.454646206421438E-007
   8.09375000000000       5.826216040522916E-003 -1.216567886265380E-007
   8.12500000000000       5.841741753596800E-003 -1.045544234830732E-007
   8.15625000000000       5.843232115771486E-003 -9.160413297624640E-008
   8.18750000000000       5.835015853336759E-003 -8.142976351637442E-008
   8.21875000000000       5.819783697252324E-003 -7.321435776780729E-008
   8.25000000000000       5.799321447546061E-003 -6.643826721851917E-008
   8.28125000000000       5.774873313431115E-003 -6.075338539360362E-008
   8.31250000000000       5.747339181698897E-003 -5.591683164820417E-008
   8.34375000000000       5.717389425468280E-003 -5.175354551035643E-008
   8.37500000000000       5.685535508406211E-003 -4.813388408595701E-008
   8.40625000000000       5.652175375024779E-003 -4.495966120286830E-008
   8.43750000000000       5.617623741039831E-003 -4.215506545033200E-008
   8.46875000000000       5.582132931061993E-003 -3.966058816194125E-008
   8.50000000000000       5.545907614904358E-003 -3.742882583606695E-008
   8.53125000000000       5.509115455508062E-003 -3.542153922563349E-008
   8.56250000000000       5.471894970955133E-003 -3.360753565166723E-008
   8.59375000000000       5.434361428663695E-003 -3.196111347207321E-008
   8.62500000000000       5.396611352428754E-003 -3.046087808457511E-008
   8.65625000000000       5.358725991460558E-003 -2.908891534113658E-008
   8.68750000000000       5.320774049343850E-003 -2.783007365066880E-008
   8.71875000000000       5.282813838003881E-003 -2.667147141747930E-008
   8.75000000000000       5.244895000634434E-003 -2.560208203158411E-008
   8.78125000000000       5.207059902332317E-003 -2.461241520411163E-008
   8.81250000000000       5.169344763800703E-003 -2.369425468213426E-008
   8.84375000000000       5.131780592692441E-003 -2.284045505041786E-008
   8.87500000000000       5.094393942280670E-003 -2.204477553319651E-008
   8.90625000000000       5.057207558178506E-003 -2.130173589514543E-008
   8.93750000000000       5.020240906739869E-003 -2.060651437801045E-008
   8.96875000000000       4.983510624271052E-003 -1.995483692578148E-008
   9.00000000000000       4.947030897519576E-003 -1.934291803787255E-008
   9.03125000000000       4.910813782931487E-003 -1.876739337062892E-008
   9.06250000000000       4.874869486117016E-003 -1.822524732566626E-008
   9.09375000000000       4.839206591980727E-003 -1.771378296757683E-008
   9.12500000000000       4.803832268478964E-003 -1.723057628251723E-008
   9.15625000000000       4.768752444925605E-003 -1.677345222372367E-008
   9.18750000000000       4.733971957795324E-003 -1.634043887622139E-008
   9.21875000000000       4.699494684662738E-003 -1.592975503466627E-008
   9.25000000000000       4.665323660939467E-003 -1.553978489284176E-008
   9.28125000000000       4.631461175800690E-003 -1.516905754831425E-008
   9.31250000000000       4.597908859994827E-003 -1.481623838530945E-008
   9.34375000000000       4.564667767721068E-003 -1.448010467050055E-008
   9.37500000000000       4.531738436294184E-003 -1.415954275106390E-008
   9.40625000000000       4.499120955507324E-003 -1.385353464242726E-008
   9.43750000000000       4.466815009528597E-003 -1.356113487541703E-008
   9.46875000000000       4.434819931363487E-003 -1.328148487876927E-008
   9.50000000000000       4.403134742569820E-003 -1.301379655753253E-008
   9.53125000000000       4.371758188462235E-003 -1.275733901810326E-008
   9.56250000000000       4.340688772472887E-003 -1.251142851454778E-008
   9.59375000000000       4.309924781152293E-003 -1.227545054756314E-008
   9.62500000000000       4.279464315910501E-003 -1.204882469073602E-008
   9.65625000000000       4.249305314139256E-003 -1.183102194030506E-008
   9.68750000000000       4.219445568170717E-003 -1.162153787215140E-008
   9.71875000000000       4.189882743509631E-003 -1.141991994450310E-008
   9.75000000000000       4.160614399046620E-003 -1.122572939137967E-008
   9.78125000000000       4.131637997994867E-003 -1.103858186093579E-008
   9.81250000000000       4.102950925684438E-003 -1.085809016410457E-008
   9.84375000000000       4.074550494403717E-003 -1.068391301976482E-008
   9.87500000000000       4.046433960357879E-003 -1.051573059601414E-008
   9.90625000000000       4.018598533273582E-003 -1.035323228994330E-008
   9.93750000000000       3.991041381843891E-003 -1.019613674650103E-008
   9.96875000000000       3.963759640520538E-003 -1.004417980093251E-008
   10.0000000000000       3.936750421841781E-003 -9.897113532989247E-009
   11.0000000000000       3.578864019856165E-003  0.000000000000000E+000
   12.0000000000000       3.280625351534817E-003  0.000000000000000E+000
   13.0000000000000       3.028269555262908E-003  0.000000000000000E+000
   14.0000000000000       2.811964587029844E-003  0.000000000000000E+000
   15.0000000000000       2.624500281227854E-003  0.000000000000000E+000
   16.0000000000000       2.460469013651113E-003  0.000000000000000E+000
   17.0000000000000       2.315735542259871E-003  0.000000000000000E+000
   18.0000000000000       2.187083567689878E-003  0.000000000000000E+000
   19.0000000000000       2.071973906232516E-003  0.000000000000000E+000
   20.0000000000000       1.968375210920891E-003  0.000000000000000E+000
   21.0000000000000       1.874643058019896E-003  0.000000000000000E+000
   22.0000000000000       1.789432009928082E-003  0.000000000000000E+000
   23.0000000000000       1.711630618192079E-003  0.000000000000000E+000
   24.0000000000000       1.640312675767409E-003  0.000000000000000E+000
   25.0000000000000       1.574700168736712E-003  0.000000000000000E+000
   26.0000000000000       1.514134777631454E-003  0.000000000000000E+000
   27.0000000000000       1.458055711793252E-003  0.000000000000000E+000
   28.0000000000000       1.405982293514922E-003  0.000000000000000E+000
   29.0000000000000       1.357500145462683E-003  0.000000000000000E+000
   30.0000000000000       1.312250140613927E-003  0.000000000000000E+000
   31.0000000000000       1.269919490916704E-003  0.000000000000000E+000
   32.0000000000000       1.230234506825557E-003  0.000000000000000E+000
   33.0000000000000       1.192954673285388E-003  0.000000000000000E+000
   34.0000000000000       1.157867771129936E-003  0.000000000000000E+000
   35.0000000000000       1.124785834811937E-003  0.000000000000000E+000
   36.0000000000000       1.093541783844939E-003  0.000000000000000E+000
   37.0000000000000       1.063986600497779E-003  0.000000000000000E+000
   38.0000000000000       1.035986953116258E-003  0.000000000000000E+000
   39.0000000000000       1.009423185087636E-003  0.000000000000000E+000
   40.0000000000000       9.841876054604453E-004  0.000000000000000E+000
   41.0000000000000       9.601830297175075E-004  0.000000000000000E+000
   42.0000000000000       9.373215290099478E-004  0.000000000000000E+000
   43.0000000000000       9.155233539166933E-004  0.000000000000000E+000
   44.0000000000000       8.947160049640412E-004  0.000000000000000E+000
   45.0000000000000       8.748334270759513E-004  0.000000000000000E+000
   46.0000000000000       8.558153090960393E-004  0.000000000000000E+000
   47.0000000000000       8.376064727322938E-004  0.000000000000000E+000
   48.0000000000000       8.201563378837044E-004  0.000000000000000E+000
   49.0000000000000       8.034184534370982E-004  0.000000000000000E+000
   50.0000000000000       7.873500843683562E-004  0.000000000000000E+000
   51.0000000000000       7.719118474199570E-004  0.000000000000000E+000
   52.0000000000000       7.570673888157271E-004  0.000000000000000E+000
   53.0000000000000       7.427830984607133E-004  0.000000000000000E+000
   54.0000000000000       7.290278558966261E-004  0.000000000000000E+000
   55.0000000000000       7.157728039712329E-004  0.000000000000000E+000
   56.0000000000000       7.029911467574609E-004  0.000000000000000E+000
   57.0000000000000       6.906579687441721E-004  0.000000000000000E+000
   58.0000000000000       6.787500727313416E-004  0.000000000000000E+000
   59.0000000000000       6.672458342104713E-004  0.000000000000000E+000
   60.0000000000000       6.561250703069635E-004  0.000000000000000E+000
   61.0000000000000       6.453689216134067E-004  0.000000000000000E+000
   62.0000000000000       6.349597454583518E-004  0.000000000000000E+000
   63.0000000000000       6.248810193399653E-004  0.000000000000000E+000
   64.0000000000000       6.151172534127783E-004  0.000000000000000E+000
   65.0000000000000       6.056539110525817E-004  0.000000000000000E+000
   66.0000000000000       5.964773366426941E-004  0.000000000000000E+000
   67.0000000000000       5.875746898271315E-004  0.000000000000000E+000
   68.0000000000000       5.789338855649678E-004  0.000000000000000E+000
   69.0000000000000       5.705435393973595E-004  0.000000000000000E+000
   70.0000000000000       5.623929174059687E-004  0.000000000000000E+000
   71.0000000000000       5.544718904002509E-004  0.000000000000000E+000
   72.0000000000000       5.467708919224696E-004  0.000000000000000E+000
   73.0000000000000       5.392808797043536E-004  0.000000000000000E+000
   74.0000000000000       5.319933002488894E-004  0.000000000000000E+000
   75.0000000000000       5.249000562455708E-004  0.000000000000000E+000
   76.0000000000000       5.179934765581290E-004  0.000000000000000E+000
   77.0000000000000       5.112662885508807E-004  0.000000000000000E+000
   78.0000000000000       5.047115925438181E-004  0.000000000000000E+000
   79.0000000000000       4.983228382078204E-004  0.000000000000000E+000
   80.0000000000000       4.920938027302227E-004  0.000000000000000E+000
   81.0000000000000       4.860185705977508E-004  0.000000000000000E+000
   82.0000000000000       4.800915148587538E-004  0.000000000000000E+000
   83.0000000000000       4.743072797399736E-004  0.000000000000000E+000
   84.0000000000000       4.686607645049739E-004  0.000000000000000E+000
   85.0000000000000       4.631471084519743E-004  0.000000000000000E+000
   86.0000000000000       4.577616769583466E-004  0.000000000000000E+000
   87.0000000000000       4.525000484875610E-004  0.000000000000000E+000
   88.0000000000000       4.473580024820206E-004  0.000000000000000E+000
   89.0000000000000       4.423315080721102E-004  0.000000000000000E+000
   90.0000000000000       4.374167135379757E-004  0.000000000000000E+000
   91.0000000000000       4.326099364661298E-004  0.000000000000000E+000
   92.0000000000000       4.279076545480197E-004  0.000000000000000E+000
   93.0000000000000       4.233064969722345E-004  0.000000000000000E+000
   94.0000000000000       4.188032363661469E-004  0.000000000000000E+000
   95.0000000000000       4.143947812465033E-004  0.000000000000000E+000
   96.0000000000000       4.100781689418522E-004  0.000000000000000E+000
   97.0000000000000       4.058505589527609E-004  0.000000000000000E+000
   98.0000000000000       4.017092267185491E-004  0.000000000000000E+000
   99.0000000000000       3.976515577617961E-004  0.000000000000000E+000
   100.000000000000       3.936750421841781E-004  0.000000000000000E+000
   101.000000000000       3.897772694892852E-004  0.000000000000000E+000
   102.000000000000       3.859559237099785E-004  0.000000000000000E+000
   103.000000000000       3.822087788195904E-004  0.000000000000000E+000
   104.000000000000       3.785336944078635E-004  0.000000000000000E+000
   105.000000000000       3.749286116039791E-004  0.000000000000000E+000
   106.000000000000       3.713915492303567E-004  0.000000000000000E+000
   107.000000000000       3.679206001721291E-004  0.000000000000000E+000
   108.000000000000       3.645139279483130E-004  0.000000000000000E+000
   109.000000000000       3.611697634717230E-004  0.000000000000000E+000
   110.000000000000       3.578864019856165E-004  0.000000000000000E+000
   111.000000000000       3.546622001659262E-004  0.000000000000000E+000
   112.000000000000       3.514955733787305E-004  0.000000000000000E+000
   113.000000000000       3.483849930833435E-004  0.000000000000000E+000
   114.000000000000       3.453289843720861E-004  0.000000000000000E+000
   115.000000000000       3.423261236384158E-004  0.000000000000000E+000
   116.000000000000       3.393750363656708E-004  0.000000000000000E+000
   117.000000000000       3.364743950292121E-004  0.000000000000000E+000
   118.000000000000       3.336229171052357E-004  0.000000000000000E+000
   119.000000000000       3.308193631799816E-004  0.000000000000000E+000
   120.000000000000       3.280625351534818E-004  0.000000000000000E+000
   121.000000000000       3.253512745323786E-004  0.000000000000000E+000
   122.000000000000       3.226844608067033E-004  0.000000000000000E+000
   123.000000000000       3.200610099058359E-004  0.000000000000000E+000
   124.000000000000       3.174798727291759E-004  0.000000000000000E+000
   125.000000000000       3.149400337473425E-004  0.000000000000000E+000
   126.000000000000       3.124405096699826E-004  0.000000000000000E+000
   127.000000000000       3.099803481765182E-004  0.000000000000000E+000
   128.000000000000       3.075586267063891E-004  0.000000000000000E+000
   129.000000000000       3.051744513055644E-004  0.000000000000000E+000
   130.000000000000       3.028269555262909E-004  0.000000000000000E+000
   131.000000000000       3.005152993772352E-004  0.000000000000000E+000
   132.000000000000       2.982386683213470E-004  0.000000000000000E+000
   133.000000000000       2.959962723189309E-004  0.000000000000000E+000
   134.000000000000       2.937873449135658E-004  0.000000000000000E+000
   135.000000000000       2.916111423586504E-004  0.000000000000000E+000
   136.000000000000       2.894669427824839E-004  0.000000000000000E+000
   137.000000000000       2.873540453899110E-004  0.000000000000000E+000
   138.000000000000       2.852717696986798E-004  0.000000000000000E+000
   139.000000000000       2.832194548087612E-004  0.000000000000000E+000
   140.000000000000       2.811964587029843E-004  0.000000000000000E+000
   141.000000000000       2.792021575774313E-004  0.000000000000000E+000
   142.000000000000       2.772359452001254E-004  0.000000000000000E+000
   143.000000000000       2.752972322966280E-004  0.000000000000000E+000
   144.000000000000       2.733854459612348E-004  0.000000000000000E+000
   145.000000000000       2.715000290925366E-004  0.000000000000000E+000
   146.000000000000       2.696404398521768E-004  0.000000000000000E+000
   147.000000000000       2.678061511456994E-004  0.000000000000000E+000
   148.000000000000       2.659966501244447E-004  0.000000000000000E+000
   149.000000000000       2.642114377075021E-004  0.000000000000000E+000
   150.000000000000       2.624500281227854E-004  0.000000000000000E+000
   151.000000000000       2.607119484663431E-004  0.000000000000000E+000
   152.000000000000       2.589967382790645E-004  0.000000000000000E+000
   153.000000000000       2.573039491399857E-004  0.000000000000000E+000
   154.000000000000       2.556331442754403E-004  0.000000000000000E+000
   155.000000000000       2.539838981833407E-004  0.000000000000000E+000
   156.000000000000       2.523557962719090E-004  0.000000000000000E+000
   157.000000000000       2.507484345122153E-004  0.000000000000000E+000
   158.000000000000       2.491614191039102E-004  0.000000000000000E+000
   159.000000000000       2.475943661535711E-004  0.000000000000000E+000
   160.000000000000       2.460469013651113E-004  0.000000000000000E+000
   161.000000000000       2.445186597417255E-004  0.000000000000000E+000
   162.000000000000       2.430092852988754E-004  0.000000000000000E+000
   163.000000000000       2.415184307878393E-004  0.000000000000000E+000
   164.000000000000       2.400457574293769E-004  0.000000000000000E+000
   165.000000000000       2.385909346570776E-004  0.000000000000000E+000
   166.000000000000       2.371536398699868E-004  0.000000000000000E+000
   167.000000000000       2.357335581941186E-004  0.000000000000000E+000
   168.000000000000       2.343303822524869E-004  0.000000000000000E+000
   169.000000000000       2.329438119433006E-004  0.000000000000000E+000
   170.000000000000       2.315735542259871E-004  0.000000000000000E+000
   171.000000000000       2.302193229147240E-004  0.000000000000000E+000
   172.000000000000       2.288808384791733E-004  0.000000000000000E+000
   173.000000000000       2.275578278521261E-004  0.000000000000000E+000
   174.000000000000       2.262500242437805E-004  0.000000000000000E+000
   175.000000000000       2.249571669623875E-004  0.000000000000000E+000
   176.000000000000       2.236790012410103E-004  0.000000000000000E+000
   177.000000000000       2.224152780701571E-004  0.000000000000000E+000
   178.000000000000       2.211657540360551E-004  0.000000000000000E+000
   179.000000000000       2.199301911643453E-004  0.000000000000000E+000
   180.000000000000       2.187083567689878E-004  0.000000000000000E+000
   181.000000000000       2.175000233061757E-004  0.000000000000000E+000
   182.000000000000       2.163049682330649E-004  0.000000000000000E+000
   183.000000000000       2.151229738711356E-004  0.000000000000000E+000
   184.000000000000       2.139538272740098E-004  0.000000000000000E+000
   185.000000000000       2.127973200995557E-004  0.000000000000000E+000
   186.000000000000       2.116532484861172E-004  0.000000000000000E+000
   187.000000000000       2.105214129327156E-004  0.000000000000000E+000
   188.000000000000       2.094016181830735E-004  0.000000000000000E+000
   189.000000000000       2.082936731133217E-004  0.000000000000000E+000
   190.000000000000       2.071973906232516E-004  0.000000000000000E+000
   191.000000000000       2.061125875309833E-004  0.000000000000000E+000
   192.000000000000       2.050390844709261E-004  0.000000000000000E+000
   193.000000000000       2.039767057949109E-004  0.000000000000000E+000
   194.000000000000       2.029252794763805E-004  0.000000000000000E+000
   195.000000000000       2.018846370175272E-004  0.000000000000000E+000
   196.000000000000       2.008546133592745E-004  0.000000000000000E+000
   197.000000000000       1.998350467939990E-004  0.000000000000000E+000
   198.000000000000       1.988257788808980E-004  0.000000000000000E+000
   199.000000000000       1.978266543639086E-004  0.000000000000000E+000
   200.000000000000       1.968375210920890E-004  0.000000000000000E+000
   201.000000000000       1.958582299423772E-004  0.000000000000000E+000
   202.000000000000       1.948886347446426E-004  0.000000000000000E+000
   203.000000000000       1.939285922089547E-004  0.000000000000000E+000
   204.000000000000       1.929779618549893E-004  0.000000000000000E+000
   205.000000000000       1.920366059435015E-004  0.000000000000000E+000
   206.000000000000       1.911043894097952E-004  0.000000000000000E+000
   207.000000000000       1.901811797991199E-004  0.000000000000000E+000
   208.000000000000       1.892668472039318E-004  0.000000000000000E+000
   209.000000000000       1.883612642029560E-004  0.000000000000000E+000
   210.000000000000       1.874643058019896E-004  0.000000000000000E+000
   211.000000000000       1.865758493763877E-004  0.000000000000000E+000
   212.000000000000       1.856957746151783E-004  0.000000000000000E+000
   213.000000000000       1.848239634667503E-004  0.000000000000000E+000
   214.000000000000       1.839603000860645E-004  0.000000000000000E+000
   215.000000000000       1.831046707833386E-004  0.000000000000000E+000
   216.000000000000       1.822569639741565E-004  0.000000000000000E+000
   217.000000000000       1.814170701309576E-004  0.000000000000000E+000
   218.000000000000       1.805848817358615E-004  0.000000000000000E+000
   219.000000000000       1.797602932347845E-004  0.000000000000000E+000
   220.000000000000       1.789432009928082E-004  0.000000000000000E+000
   221.000000000000       1.781335032507593E-004  0.000000000000000E+000
   222.000000000000       1.773311000829631E-004  0.000000000000000E+000
   223.000000000000       1.765358933561337E-004  0.000000000000000E+000
   224.000000000000       1.757477866893652E-004  0.000000000000000E+000
   225.000000000000       1.749666854151903E-004  0.000000000000000E+000
   226.000000000000       1.741924965416717E-004  0.000000000000000E+000
   227.000000000000       1.734251287154969E-004  0.000000000000000E+000
   228.000000000000       1.726644921860430E-004  0.000000000000000E+000
   229.000000000000       1.719104987703834E-004  0.000000000000000E+000
   230.000000000000       1.711630618192079E-004  0.000000000000000E+000
   231.000000000000       1.704220961836269E-004  0.000000000000000E+000
   232.000000000000       1.696875181828354E-004  0.000000000000000E+000
   233.000000000000       1.689592455726086E-004  0.000000000000000E+000
   234.000000000000       1.682371975146060E-004  0.000000000000000E+000
   235.000000000000       1.675212945464588E-004  0.000000000000000E+000
   236.000000000000       1.668114585526178E-004  0.000000000000000E+000
   237.000000000000       1.661076127359401E-004  0.000000000000000E+000
   238.000000000000       1.654096815899908E-004  0.000000000000000E+000
   239.000000000000       1.647175908720410E-004  0.000000000000000E+000
   240.000000000000       1.640312675767409E-004  0.000000000000000E+000
   241.000000000000       1.633506399104473E-004  0.000000000000000E+000
   242.000000000000       1.626756372661893E-004  0.000000000000000E+000
   243.000000000000       1.620061901992503E-004  0.000000000000000E+000
   244.000000000000       1.613422304033517E-004  0.000000000000000E+000
   245.000000000000       1.606836906874196E-004  0.000000000000000E+000
   246.000000000000       1.600305049529179E-004  0.000000000000000E+000
   247.000000000000       1.593826081717320E-004  0.000000000000000E+000
   248.000000000000       1.587399363645879E-004  0.000000000000000E+000
   249.000000000000       1.581024265799912E-004  0.000000000000000E+000
   250.000000000000       1.574700168736712E-004  0.000000000000000E+000
   251.000000000000       1.568426462885172E-004  0.000000000000000E+000
   252.000000000000       1.562202548349913E-004  0.000000000000000E+000
   253.000000000000       1.556027834720072E-004  0.000000000000000E+000
   254.000000000000       1.549901740882591E-004  0.000000000000000E+000
   255.000000000000       1.543823694839914E-004  0.000000000000000E+000
   256.000000000000       1.537793133531946E-004  0.000000000000000E+000
   257.000000000000       1.531809502662172E-004  0.000000000000000E+000
   258.000000000000       1.525872256527822E-004  0.000000000000000E+000
   259.000000000000       1.519980857853969E-004  0.000000000000000E+000
   260.000000000000       1.514134777631454E-004  0.000000000000000E+000
   261.000000000000       1.508333494958537E-004  0.000000000000000E+000
   262.000000000000       1.502576496886176E-004  0.000000000000000E+000
   263.000000000000       1.496863278266837E-004  0.000000000000000E+000
   264.000000000000       1.491193341606735E-004  0.000000000000000E+000
   265.000000000000       1.485566196921427E-004  0.000000000000000E+000
   266.000000000000       1.479981361594654E-004  0.000000000000000E+000
   267.000000000000       1.474438360240367E-004  0.000000000000000E+000
   268.000000000000       1.468936724567829E-004  0.000000000000000E+000
   269.000000000000       1.463475993249733E-004  0.000000000000000E+000
   270.000000000000       1.458055711793252E-004  0.000000000000000E+000
   271.000000000000       1.452675432413941E-004  0.000000000000000E+000
   272.000000000000       1.447334713912420E-004  0.000000000000000E+000
   273.000000000000       1.442033121553766E-004  0.000000000000000E+000
   274.000000000000       1.436770226949555E-004  0.000000000000000E+000
   275.000000000000       1.431545607942466E-004  0.000000000000000E+000
   276.000000000000       1.426358848493399E-004  0.000000000000000E+000
   277.000000000000       1.421209538571040E-004  0.000000000000000E+000
   278.000000000000       1.416097274043806E-004  0.000000000000000E+000
   279.000000000000       1.411021656574115E-004  0.000000000000000E+000
   280.000000000000       1.405982293514922E-004  0.000000000000000E+000
   281.000000000000       1.400978797808463E-004  0.000000000000000E+000
   282.000000000000       1.396010787887156E-004  0.000000000000000E+000
   283.000000000000       1.391077887576601E-004  0.000000000000000E+000
   284.000000000000       1.386179726000627E-004  0.000000000000000E+000
   285.000000000000       1.381315937488344E-004  0.000000000000000E+000
   286.000000000000       1.376486161483140E-004  0.000000000000000E+000
   287.000000000000       1.371690042453582E-004  0.000000000000000E+000
   288.000000000000       1.366927229806174E-004  0.000000000000000E+000
   289.000000000000       1.362197377799924E-004  0.000000000000000E+000
   290.000000000000       1.357500145462683E-004  0.000000000000000E+000
   291.000000000000       1.352835196509203E-004  0.000000000000000E+000
   292.000000000000       1.348202199260884E-004  0.000000000000000E+000
   293.000000000000       1.343600826567161E-004  0.000000000000000E+000
   294.000000000000       1.339030755728497E-004  0.000000000000000E+000
   295.000000000000       1.334491668420943E-004  0.000000000000000E+000
   296.000000000000       1.329983250622223E-004  0.000000000000000E+000
   297.000000000000       1.325505192539320E-004  0.000000000000000E+000
   298.000000000000       1.321057188537510E-004  0.000000000000000E+000
   299.000000000000       1.316638937070830E-004  0.000000000000000E+000
   300.000000000000       1.312250140613927E-004  0.000000000000000E+000
   301.000000000000       1.307890505595276E-004  0.000000000000000E+000
   302.000000000000       1.303559742331716E-004  0.000000000000000E+000
   303.000000000000       1.299257564964284E-004  0.000000000000000E+000
   304.000000000000       1.294983691395323E-004  0.000000000000000E+000
   305.000000000000       1.290737843226813E-004  0.000000000000000E+000
   306.000000000000       1.286519745699928E-004  0.000000000000000E+000
   307.000000000000       1.282329127635759E-004  0.000000000000000E+000
   308.000000000000       1.278165721377202E-004  0.000000000000000E+000
   309.000000000000       1.274029262731968E-004  0.000000000000000E+000
   310.000000000000       1.269919490916703E-004  0.000000000000000E+000
