  0.000000000000000E+000 -0.208010592264711      -4.168067735265020E-007
  7.812500000000000E-003 -0.211140569065855      -5.276091655218796E-003
  1.562500000000000E-002 -0.206022282969542      -5.548467613104669E-003
  2.343750000000000E-002 -0.206783169147124      -7.671783308935117E-003
  3.125000000000000E-002 -0.205576487246234      -9.787305817677528E-003
  3.906250000000000E-002 -0.204275197503273      -1.141402572558082E-002
  4.687500000000000E-002 -0.204031717237594      -1.126728274401724E-002
  5.468750000000000E-002 -0.205296108998014      -1.281254667473421E-002
  6.250000000000000E-002 -0.206023053933839      -1.584563803993708E-002
  7.031250000000000E-002 -0.206162920490000      -1.968007099872206E-002
  7.812500000000000E-002 -0.205220631146475      -2.690421218421209E-002
  8.593750000000000E-002 -0.192163130647258      -2.705067813659021E-002
  9.375000000000000E-002 -0.189656338231063      -2.069330739512490E-002
  0.101562500000000      -0.191365424330913      -1.371228133680395E-002
  0.109375000000000      -0.201153296953321      -9.418743998576590E-003
  0.117187500000000      -0.206757558929876      -1.788156317437824E-002
  0.125000000000000      -0.208778877671866      -2.670336338119519E-002
  0.132812500000000      -0.202198910378879      -2.992681176346464E-002
  0.140625000000000      -0.199739212529652      -3.102027710743999E-002
  0.148437500000000      -0.198705610621240      -2.906932503987515E-002
  0.156250000000000      -0.200945157001965      -2.933677679198653E-002
  0.164062500000000      -0.202455739944710      -3.178308124070178E-002
  0.171875000000000      -0.204686639798349      -3.500785582434881E-002
  0.179687500000000      -0.204570404336811      -4.122698463206329E-002
  0.187500000000000      -0.202857809956328      -4.704341899757606E-002
  0.195312500000000      -0.196784969157036      -5.496302216129931E-002
  0.203125000000000      -0.187272326174315      -5.063329079094001E-002
  0.210937500000000      -0.187548600149217      -4.740463848105778E-002
  0.218750000000000      -0.187276367148368      -5.257291952449175E-002
  0.226562500000000      -0.181871145650753      -5.499795991502751E-002
  0.234375000000000      -0.173372948654701      -5.695960358546082E-002
  0.242187500000000      -0.163686939401516      -5.240712953032602E-002
  0.250000000000000      -0.153502445718289      -4.418100380540837E-002
  0.257812500000000      -0.148817450111095      -2.653250996958814E-002
  0.265625000000000      -0.154455421343207      -7.868400529313098E-003
  0.273437500000000      -0.170611392797038       3.818041961453320E-003
  0.281250000000000      -0.186595789307938       4.725282865400007E-003
  0.289062500000000      -0.198648598979123       1.886713723053250E-003
  0.296875000000000      -0.207399205769397      -1.904617914331880E-003
  0.304687500000000      -0.215768025553442      -5.156790038056984E-003
  0.312500000000000      -0.222939094353211      -1.199589977690264E-002
  0.320312500000000      -0.227776888476923      -1.734765965829631E-002
  0.328125000000000      -0.232463901728987      -2.190886649432086E-002
  0.335937500000000      -0.238722017051454      -2.616186676992771E-002
  0.343750000000000      -0.246585165029062      -3.232123856403910E-002
  0.351562500000000      -0.256659099810503      -4.298189249631620E-002
  0.359375000000000      -0.257567426828743      -6.866286384645361E-002
  0.367187500000000      -0.244354568291089      -7.793549737158890E-002
  0.375000000000000      -0.235464404916720      -8.143485669516147E-002
  0.382812500000000      -0.228313762407709      -8.222398790178040E-002
  0.390625000000000      -0.226076781731834      -7.990549728316913E-002
  0.398437500000000      -0.225866836230698      -8.088175612220758E-002
  0.406250000000000      -0.225469327941437      -8.303733551259783E-002
  0.414062500000000      -0.223930624912690      -8.647218229360815E-002
  0.421875000000000      -0.220350433782747      -8.604007734018006E-002
  0.429687500000000      -0.219889421876603      -8.486740660945517E-002
  0.437500000000000      -0.220843798945995      -8.410177489591901E-002
  0.445312500000000      -0.222862827631837      -8.398053176517171E-002
  0.453125000000000      -0.224620039248061      -8.450279144482306E-002
  0.460937500000000      -0.226998850079195      -8.419074320603605E-002
  0.468750000000000      -0.231155723828194      -8.326196918221347E-002
  0.476562500000000      -0.239183943470556      -8.266274591339767E-002
  0.484375000000000      -0.248537021055606      -8.816971073170975E-002
  0.492187500000000      -0.257118709151733      -9.507099753701365E-002
  0.500000000000000      -0.266843476355515      -0.105244390208016     
  0.507812500000000      -0.277314866427819      -0.123139341970354     
  0.515625000000000      -0.269815741447205      -0.151789805094781     
  0.523437500000000      -0.254864937582408      -0.164827326063006     
  0.531250000000000      -0.240382558472937      -0.172425997018695     
  0.539062500000000      -0.225458365477884      -0.175952026852082     
  0.546875000000000      -0.207586007193759      -0.173086501645587     
  0.554687500000000      -0.200800643506296      -0.159529513798307     
  0.562500000000000      -0.201451041415201      -0.148784816370183     
  0.570312500000000      -0.207474767283402      -0.140410505536005     
  0.578125000000000      -0.218709878935567      -0.136093998795381     
  0.585937500000000      -0.232826990104186      -0.142181485529765     
  0.593750000000000      -0.238314482076645      -0.150846565657602     
  0.601562500000000      -0.243350044926431      -0.158678113291618     
  0.609375000000000      -0.248762281728409      -0.167696485632608     
  0.617187500000000      -0.254454313028676      -0.179824319219321     
  0.625000000000000      -0.255062945345843      -0.199809922623852     
  0.632812500000000      -0.246569638403599      -0.212318323757774     
  0.640625000000000      -0.239270963342223      -0.221286207155595     
  0.648437500000000      -0.232375254410672      -0.228550580450135     
  0.656250000000000      -0.225627064283533      -0.234172900324277     
  0.664062500000000      -0.219546081616152      -0.236391064811635     
  0.671875000000000      -0.220710799863908      -0.240256476022811     
  0.679687500000000      -0.220782851896849      -0.247940319660416     
  0.687500000000000      -0.220154045758954      -0.257643978182103     
  0.695312500000000      -0.218468043762812      -0.269537104389886     
  0.703125000000000      -0.214574071710066      -0.284284190628151     
  0.710937500000000      -0.203048171260693      -0.299829415613459     
  0.718750000000000      -0.190902394643661      -0.309591669321370     
  0.726562500000000      -0.178825827894273      -0.318640971508726     
  0.734375000000000      -0.165743446410577      -0.327252461086037     
  0.742187500000000      -0.150804710931994      -0.335258443274917     
  0.750000000000000      -0.132232296876786      -0.341996596224346     
  0.757812500000000      -0.110742545869507      -0.337681936377667     
  0.765625000000000      -9.898451412891858E-002 -0.331536992551172     
  0.773437500000000      -9.013519432812356E-002 -0.327111731577186     
  0.781250000000000      -8.266281286107070E-002 -0.324046704796591     
  0.789062500000000      -7.565742642382008E-002 -0.322012137338012     
  0.796875000000000      -6.818649306982767E-002 -0.320160296784987     
  0.804687500000000      -6.325164683651162E-002 -0.314645677307840     
  0.812500000000000      -6.319588564969585E-002 -0.314112442831873     
  0.820312500000000      -6.296647954524490E-002 -0.317970104956062     
  0.828125000000000      -6.131598437335661E-002 -0.326133362936253     
  0.835937500000000      -5.620927706575506E-002 -0.339021567782633     
  0.843750000000000      -4.357435436511122E-002 -0.356637948575878     
  0.851562500000000      -1.100870952102813E-002 -0.372714178083834     
  0.859375000000000       1.793263246561144E-002 -0.362434552875688     
  0.867187500000000       3.772631226210640E-002 -0.351155106784539     
  0.875000000000000       5.362783149435116E-002 -0.339542148127355     
  0.882812500000000       6.707125332539114E-002 -0.327627182086135     
  0.890625000000000       7.866136267233334E-002 -0.315272187055117     
  0.898437500000000       8.860994480038382E-002 -0.302143802358146     
  0.906250000000000       9.533176403303116E-002 -0.287268902146887     
  0.914062500000000       9.848338002930307E-002 -0.275015159315513     
  0.921875000000000       0.100763244862311      -0.264623090922684     
  0.929687500000000       0.102484459053249      -0.255638774295131     
  0.937500000000000       0.103858341840897      -0.247888463215794     
  0.945312500000000       0.105041917224809      -0.241330471826582     
  0.953125000000000       0.106151905473034      -0.236142807467101     
  0.960937500000000       0.108557845703930      -0.233767633676299     
  0.968750000000000       0.114257926264432      -0.229910780584029     
  0.976562500000000       0.120292980572622      -0.224659135370296     
  0.984375000000000       0.126498028123642      -0.218364952744510     
  0.992187500000000       0.132761795793631      -0.211007507962977     
   1.00000000000000       0.138945453671041      -0.202385699585325     
   1.00781250000000       0.144760645635981      -0.192038248399299     
   1.01562500000000       0.149197854698217      -0.178560936118975     
   1.02343750000000       0.146663233309612      -0.166370945668282     
   1.03125000000000       0.144885564082284      -0.157746214098203     
   1.03906250000000       0.143626668878075      -0.150163994855937     
   1.04687500000000       0.142761118248745      -0.143104834569999     
   1.05468750000000       0.142232230173858      -0.136270931020873     
   1.06250000000000       0.142015042732086      -0.129411964666990     
   1.07031250000000       0.142128137231736      -0.122204708647328     
   1.07812500000000       0.142511208250615      -0.113254833032212     
   1.08593750000000       0.139732703984697      -0.104198221351346     
   1.09375000000000       0.136445573846666      -9.627833752138296E-002
   1.10156250000000       0.132695080237964      -8.888569308694137E-002
   1.10937500000000       0.128358273192292      -8.192532491389540E-002
   1.11718750000000       0.123261539651130      -7.548911026627415E-002
   1.12500000000000       0.117211560993219      -6.987530846927610E-002
   1.13281250000000       0.110054849366641      -6.573703294198167E-002
   1.14062500000000       0.101757754020749      -6.496925559508858E-002
   1.14843750000000       9.925749626080667E-002 -6.699407692882051E-002
   1.15625000000000       9.783401606225958E-002 -6.642151729624542E-002
   1.16406250000000       9.665089313433224E-002 -6.497784515702951E-002
   1.17187500000000       9.555404923645996E-002 -6.296623186061381E-002
   1.17968750000000       9.444224363444369E-002 -6.050364368915439E-002
   1.18750000000000       9.322074254450492E-002 -5.763589495499078E-002
   1.19531250000000       9.177398083646453E-002 -5.435999269636572E-002
   1.20312500000000       8.989981150468725E-002 -5.058061800593096E-002
   1.21093750000000       8.625376424845721E-002 -4.641852129048272E-002
   1.21875000000000       8.226444751903182E-002 -4.431846077139031E-002
   1.22656250000000       7.877205479326935E-002 -4.274317486122025E-002
   1.23437500000000       7.555553768674735E-002 -4.146625647425604E-002
   1.24218750000000       7.253354926321325E-002 -4.041989515768188E-002
   1.25000000000000       6.966265719884755E-002 -3.958241187763607E-002
   1.25781250000000       6.691651365780353E-002 -3.895993173757983E-002
   1.26562500000000       6.428004788852118E-002 -3.859224363221236E-002
   1.27343750000000       6.175521529789391E-002 -3.860481788550019E-002
   1.28125000000000       5.998215780111045E-002 -3.940709975473047E-002
   1.28906250000000       5.902315125684107E-002 -3.947655849989404E-002
   1.29687500000000       5.812747206388091E-002 -3.930547052311394E-002
   1.30468750000000       5.737761982258503E-002 -3.900125982079142E-002
   1.31250000000000       5.681256917930686E-002 -3.855087772239684E-002
   1.32031250000000       5.644886997046982E-002 -3.789159330121489E-002
   1.32812500000000       5.627322878648135E-002 -3.691893217873012E-002
   1.33593750000000       5.622205766417557E-002 -3.548112595041173E-002
   1.34375000000000       5.613596264459349E-002 -3.335036413137077E-002
   1.35156250000000       5.554654854817848E-002 -2.996034390686830E-002
   1.35937500000000       5.213416054734248E-002 -2.723309006119084E-002
   1.36718750000000       4.922603593230863E-002 -2.603056698844704E-002
   1.37500000000000       4.661310565209528E-002 -2.527021387771620E-002
   1.38281250000000       4.420255906372153E-002 -2.478107452978035E-002
   1.39062500000000       4.194933151296668E-002 -2.449236586130257E-002
   1.39843750000000       3.982563420230835E-002 -2.437149691480830E-002
   1.40625000000000       3.781194403823660E-002 -2.440919615813509E-002
   1.41406250000000       3.589406379211757E-002 -2.462040363211764E-002
   1.42187500000000       3.406470742173823E-002 -2.506625099015160E-002
   1.42968750000000       3.235395754150123E-002 -2.605468551850185E-002
   1.43750000000000       3.195005132444955E-002 -2.701620732592463E-002
   1.44531250000000       3.158200081656845E-002 -2.736594884266677E-002
   1.45312500000000       3.124694343157390E-002 -2.746607906154897E-002
   1.46093750000000       3.093502373656920E-002 -2.737312773332953E-002
   1.46875000000000       3.063027624237951E-002 -2.710645227135320E-002
   1.47656250000000       3.031240495402719E-002 -2.667106055494663E-002
   1.48437500000000       2.995573998187164E-002 -2.606318591296430E-002
   1.49218750000000       2.952588517810432E-002 -2.526974537222628E-002
   1.50000000000000       2.897014356763594E-002 -2.425953845083127E-002
   1.50781250000000       2.817484388682613E-002 -2.293481607394119E-002
   1.51562500000000       2.627746093364998E-002 -2.151787442890686E-002
   1.52343750000000       2.436129197432703E-002 -2.115908785184971E-002
   1.53125000000000       2.268572234249384E-002 -2.105730341121783E-002
   1.53906250000000       2.115980023238792E-002 -2.109773013465614E-002
   1.54687500000000       1.974725159408618E-002 -2.123746416024799E-002
   1.55468750000000       1.842849803209864E-002 -2.145510734955985E-002
   1.56250000000000       1.719161274570548E-002 -2.173911973466757E-002
   1.57031250000000       1.602908670680719E-002 -2.208398794000491E-002
   1.57812500000000       1.493665192119653E-002 -2.248945084024368E-002
   1.58593750000000       1.391358822606151E-002 -2.296290671674132E-002
   1.59375000000000       1.296761796803034E-002 -2.353514426670347E-002
   1.60156250000000       1.230526466574344E-002 -2.421483883106303E-002
   1.60937500000000       1.175242489075673E-002 -2.468880294023259E-002
   1.61718750000000       1.121018927782512E-002 -2.511175148415725E-002
   1.62500000000000       1.068855836901469E-002 -2.551352650433669E-002
   1.63281250000000       1.019164855805036E-002 -2.590627434062205E-002
   1.64062500000000       9.722041186184697E-003 -2.629713493092066E-002
   1.64843750000000       9.282008987286630E-003 -2.669150435240127E-002
   1.65625000000000       8.874223177870306E-003 -2.709454348582549E-002
   1.66406250000000       8.502577360645721E-003 -2.751246346296427E-002
   1.67187500000000       8.173873494466700E-003 -2.795467036553011E-002
   1.67968750000000       7.903338011971604E-003 -2.844022584637243E-002
   1.68750000000000       7.798013855912907E-003 -2.904475881422350E-002
   1.69531250000000       7.922748906970502E-003 -2.937383615084080E-002
   1.70312500000000       7.984089095351494E-003 -2.959206263121307E-002
   1.71093750000000       8.027349113417084E-003 -2.975253284799158E-002
   1.71875000000000       8.062240571831353E-003 -2.986922690716184E-002
   1.72656250000000       8.092379631821477E-003 -2.994939759121136E-002
   1.73437500000000       8.119248081568354E-003 -2.999808655093705E-002
   1.74218750000000       8.143530161931214E-003 -3.001970444937379E-002
   1.75000000000000       8.165874797764403E-003 -3.001896200099463E-002
   1.75781250000000       8.187689291030885E-003 -3.000185309984719E-002
   1.76562500000000       8.212610182842821E-003 -2.997746429610141E-002
   1.77343750000000       8.251000333941629E-003 -2.996340539854794E-002
   1.78125000000000       8.366356828100881E-003 -3.003581687067975E-002
   1.78906250000000       8.710840401956502E-003 -2.985696064611407E-002
   1.79687500000000       8.941895467699090E-003 -2.953281852054787E-002
   1.80468750000000       9.109466134192891E-003 -2.912793323877669E-002
   1.81250000000000       9.219949185068580E-003 -2.865662573807684E-002
   1.82031250000000       9.273189382744932E-003 -2.812569129213110E-002
   1.82812500000000       9.266067969900238E-003 -2.753890685713507E-002
   1.83593750000000       9.193254988860453E-003 -2.689825450137463E-002
   1.84375000000000       9.047004402543085E-003 -2.620416946665023E-002
   1.85156250000000       8.816108694730212E-003 -2.545516666539803E-002
   1.85937500000000       8.483269551062919E-003 -2.464652281586565E-002
   1.86718750000000       8.017850066512029E-003 -2.376631395000267E-002
   1.87500000000000       7.346795537804506E-003 -2.277868991363695E-002
   1.88281250000000       5.956768315162150E-003 -2.181924074670654E-002
   1.89062500000000       4.689197271368252E-003 -2.174560031269475E-002
   1.89843750000000       3.703555192670317E-003 -2.175430885927309E-002
   1.90625000000000       2.847002367720734E-003 -2.178713070917774E-002
   1.91406250000000       2.066319476094839E-003 -2.182943531275367E-002
   1.92187500000000       1.333566300648599E-003 -2.187550001477798E-002
   1.92968750000000       6.309162351377270E-004 -2.192270118802050E-002
   1.93750000000000      -5.477027251425031E-005 -2.196979241841769E-002
   1.94531250000000      -7.345914988656126E-004 -2.201627661675530E-002
   1.95312500000000      -1.419411202393763E-003 -2.206220363027674E-002
   1.96093750000000      -2.121828901734031E-003 -2.210826936465664E-002
   1.96875000000000      -2.859784792697546E-003 -2.215648381367381E-002
   1.97656250000000      -3.667414807749782E-003 -2.221325178115344E-002
   1.98437500000000      -4.696261806043508E-003 -2.234374675491219E-002
   1.99218750000000      -5.518976433321319E-003 -2.287803807818544E-002
   2.00000000000000      -6.207949822092103E-003 -2.333767418401857E-002
   2.00781250000000      -6.845560243025392E-003 -2.379332080491961E-002
   2.01562500000000      -7.441898347614443E-003 -2.425681179348111E-002
   2.02343750000000      -7.996873475125177E-003 -2.472979103285423E-002
   2.03125000000000      -8.506137089156431E-003 -2.520663563218786E-002
   2.03906250000000      -8.964039534674322E-003 -2.567239985967238E-002
   2.04687500000000      -9.368532050281035E-003 -2.609818094541420E-002
   2.05468750000000      -9.732141081328499E-003 -2.643516443821253E-002
   2.06250000000000      -1.010493619883617E-002 -2.661161258992977E-002
   2.07031250000000      -1.061621325638524E-002 -2.654447480329645E-002
   2.07812500000000      -1.154090983530739E-002 -2.618798178889929E-002
   2.08593750000000      -1.343279440036533E-002 -2.566644673566090E-002
   2.09375000000000      -1.800950312704571E-002 -2.648846574858734E-002
   2.10156250000000      -1.946178842358867E-002 -3.152899215719324E-002
   2.10937500000000      -1.861219812162729E-002 -3.537308053196303E-002
   2.11718750000000      -1.677514909528386E-002 -3.798149793601331E-002
   2.12500000000000      -1.471937795227304E-002 -3.946369282421089E-002
   2.13281250000000      -1.286628714190940E-002 -4.013728468153246E-002
   2.14062500000000      -1.136639964756871E-002 -4.032006301465296E-002
   2.14843750000000      -1.022563288647652E-002 -4.024438320056425E-002
   2.15625000000000      -9.395327099406763E-003 -4.005710797226977E-002
   2.16406250000000      -8.816629990912934E-003 -3.984486596791664E-002
   2.17187500000000      -8.437350003878762E-003 -3.965783194033767E-002
   2.17968750000000      -8.216460606238775E-003 -3.952652288364909E-002
   2.18750000000000      -8.124368935347391E-003 -3.947343823120245E-002
   2.19531250000000      -8.143096630554158E-003 -3.952397652152985E-002
   2.20312500000000      -8.272006021748199E-003 -3.973091787596005E-002
   2.21093750000000      -8.349401355978047E-003 -4.038839755736464E-002
   2.21875000000000      -7.967962177984607E-003 -4.092627012649176E-002
   2.22656250000000      -7.555493910045102E-003 -4.132375544273015E-002
   2.23437500000000      -7.131399012553076E-003 -4.165080652674431E-002
   2.24218750000000      -6.700466699952668E-003 -4.192959066794361E-002
   2.25000000000000      -6.264022019702625E-003 -4.217031823792030E-002
   2.25781250000000      -5.822081644017776E-003 -4.237816976897401E-002
   2.26562500000000      -5.374066253636293E-003 -4.255556680975158E-002
   2.27343750000000      -4.919099497043603E-003 -4.270305622200507E-002
   2.28125000000000      -4.456160167448618E-003 -4.281961436095340E-002
   2.28906250000000      -3.984183446786428E-003 -4.290260154277926E-002
   2.29687500000000      -3.502158256652196E-003 -4.294736965617749E-002
   2.30468750000000      -3.009256226163102E-003 -4.294629648438247E-002
   2.31250000000000      -2.505036644044172E-003 -4.288641218317026E-002
   2.32031250000000      -1.989805948731836E-003 -4.274186852543355E-002
   2.32812500000000      -1.464928684034490E-003 -4.241646523993592E-002
   2.33593750000000      -1.334261686094841E-003 -4.200495241644289E-002
   2.34375000000000      -1.234427929717525E-003 -4.178656740759778E-002
   2.35156250000000      -1.138590939557063E-003 -4.162769059282419E-002
   2.35937500000000      -1.046512034156350E-003 -4.150374947495337E-002
   2.36718750000000      -9.585402084846685E-004 -4.140372904256080E-002
   2.37500000000000      -8.753923933302065E-004 -4.132158565003826E-002
   2.38281250000000      -7.981218814063409E-004 -4.125377536930076E-002
   2.39062500000000      -7.281453624918291E-004 -4.119832253323482E-002
   2.39843750000000      -6.673085867388508E-004 -4.115446328050611E-002
   2.40625000000000      -6.179970119628418E-004 -4.112258956241346E-002
   2.41406250000000      -5.833171045917038E-004 -4.110443570349316E-002
   2.42187500000000      -5.674079852581865E-004 -4.110358277985965E-002
   2.42968750000000      -5.760285954206227E-004 -4.112656635916956E-002
   2.43750000000000      -6.178359395789218E-004 -4.118549051741492E-002
   2.44531250000000      -7.079462356987169E-004 -4.130580114648908E-002
   2.45312500000000      -8.859623528809377E-004 -4.156912485011259E-002
   2.46093750000000      -7.860519768217216E-004 -4.219373738310711E-002
   2.46875000000000      -4.448140205692583E-004 -4.261993917355828E-002
   2.47656250000000      -3.975642850624942E-005 -4.296246353239357E-002
   2.48437500000000       4.175202242438948E-004 -4.324491932981239E-002
   2.49218750000000       9.216362208017624E-004 -4.347300798111062E-002
   2.50000000000000       1.468947646465803E-003 -4.364656522182556E-002
   2.53125000000000       4.025183028336567E-003 -4.370867267516888E-002
   2.56250000000000       6.943248184729918E-003 -4.234017306263111E-002
   2.59375000000000       8.450269684706212E-003 -3.789176154740170E-002
   2.62500000000000       6.394573312432474E-003 -3.570432572118491E-002
   2.65625000000000       4.692306173721778E-003 -3.475993788678183E-002
   2.68750000000000       2.930988172091845E-003 -3.437848878497193E-002
   2.71875000000000       5.979951837081978E-004 -3.468154526379216E-002
   2.75000000000000      -1.006969523589049E-003 -3.781077137360880E-002
   2.78125000000000      -2.470528277469414E-004 -4.057707234675068E-002
   2.81250000000000       1.733925615812240E-003 -4.271931874701102E-002
   2.84375000000000       4.812793655771562E-003 -4.372684128942012E-002
   2.87500000000000       8.494513976952674E-003 -4.193570652481882E-002
   2.90625000000000       8.335101382879318E-003 -3.972859705442037E-002
   2.93750000000000       8.068950563773540E-003 -3.881965533715963E-002
   2.96875000000000       7.752273852959475E-003 -3.840174785441847E-002
   3.00000000000000       7.360753344916942E-003 -3.841499009915063E-002
   3.03125000000000       7.031295916556038E-003 -3.944213972236997E-002
   3.06250000000000       8.214697309281689E-003 -4.028501432061724E-002
   3.09375000000000       9.488725707712382E-003 -4.055143466249348E-002
   3.12500000000000       1.080163666697334E-002 -4.049300851672352E-002
   3.15625000000000       1.211661617405506E-002 -4.013635824416448E-002
   3.18750000000000       1.335385668798640E-002 -3.936844044059127E-002
   3.21875000000000       1.401358771179156E-002 -3.861305713840904E-002
   3.25000000000000       1.475786102797018E-002 -3.798547501106689E-002
   3.28125000000000       1.552408294397459E-002 -3.728883315910281E-002
   3.31250000000000       1.628325352725739E-002 -3.645400449593539E-002
   3.34375000000000       1.699518205177275E-002 -3.535305900331440E-002
   3.37500000000000       1.694951648268336E-002 -3.382472809039839E-002
   3.40625000000000       1.650161423891738E-002 -3.307674244902281E-002
   3.43750000000000       1.610665169894468E-002 -3.267660530873188E-002
   3.46875000000000       1.576844279121490E-002 -3.256166124552453E-002
   3.50000000000000       1.552600414658868E-002 -3.276622488065207E-002
   3.53125000000000       1.551914102708750E-002 -3.351277886997416E-002
   3.56250000000000       1.689497417301575E-002 -3.407649865934535E-002
   3.59375000000000       1.808997027165093E-002 -3.380683222801339E-002
   3.62500000000000       1.915034354785661E-002 -3.328351501540383E-002
   3.65625000000000       2.011786065868377E-002 -3.256792385481799E-002
   3.68750000000000       2.099951059250364E-002 -3.164463562110215E-002
   3.71875000000000       2.174667534405144E-002 -3.034355086052066E-002
   3.75000000000000       2.153608903374376E-002 -2.907110175419124E-002
   3.78125000000000       2.135100050360229E-002 -2.833797405107583E-002
   3.81250000000000       2.118935835149387E-002 -2.780157084476667E-002
   3.84375000000000       2.104186929629884E-002 -2.743949364988030E-002
   3.87500000000000       2.091898037333828E-002 -2.728415918096027E-002
   3.90625000000000       2.085920234439505E-002 -2.747235741904817E-002
   3.93750000000000       2.173183716361162E-002 -2.813393519352423E-002
   3.96875000000000       2.303749601650089E-002 -2.788698960641370E-002
   4.00000000000000       2.427757949666332E-002 -2.721221847245884E-002
   4.03125000000000       2.541966318535170E-002 -2.619473013278744E-002
   4.06250000000000       2.640976099007425E-002 -2.484646368355870E-002
   4.09375000000000       2.715709170830057E-002 -2.313048324632944E-002
   4.12500000000000       2.731847877414989E-002 -2.074386013705221E-002
   4.15625000000000       2.618078875799572E-002 -1.940652807762499E-002
   4.18750000000000       2.546130063987565E-002 -1.858621610388718E-002
   4.21875000000000       2.489127756883552E-002 -1.794769439486277E-002
   4.25000000000000       2.441356698608620E-002 -1.742530385760540E-002
   4.28125000000000       2.400547132739769E-002 -1.699665235978562E-002
   4.31250000000000       2.366347555553388E-002 -1.666363468158620E-002
   4.34375000000000       2.347483914470721E-002 -1.649048748172703E-002
   4.37500000000000       2.349713944492191E-002 -1.611097130898899E-002
   4.40625000000000       2.345512389421266E-002 -1.567292416592256E-002
   4.43750000000000       2.338993301718932E-002 -1.522834914395122E-002
   4.46875000000000       2.331355606713732E-002 -1.479300345562863E-002
   4.50000000000000       2.323521434164184E-002 -1.437847907339169E-002
   4.53125000000000       2.316824656170711E-002 -1.400059297289360E-002
   4.56250000000000       2.315275487067936E-002 -1.370674695546159E-002
   4.59375000000000       2.342345619430846E-002 -1.329819983795720E-002
   4.62500000000000       2.358950128756800E-002 -1.266947968265164E-002
   4.65625000000000       2.367290785694903E-002 -1.196415640240673E-002
   4.68750000000000       2.367927612354513E-002 -1.120018693257891E-002
   4.71875000000000       2.360189832940951E-002 -1.038254923769063E-002
   4.75000000000000       2.342256882558580E-002 -9.508268745077290E-003
   4.78125000000000       2.309637656951473E-002 -8.559798762246175E-003
   4.81250000000000       2.231588362264184E-002 -7.542954325319906E-003
   4.84375000000000       2.145112153661489E-002 -7.185037721933025E-003
   4.87500000000000       2.079240348270396E-002 -6.942413812807940E-003
   4.90625000000000       2.023163405356495E-002 -6.754228297317801E-003
   4.93750000000000       1.973600565587661E-002 -6.603167249300148E-003
   4.96875000000000       1.928938781268460E-002 -6.481741318089894E-003
   5.00000000000000       1.888251426086422E-002 -6.387004556950115E-003
   5.03125000000000       1.851010219066138E-002 -6.320096473656158E-003
   5.06250000000000       1.818292186688364E-002 -6.295574460722435E-003
   5.09375000000000       1.791659715376503E-002 -6.261599264498067E-003
   5.12500000000000       1.767187856371564E-002 -6.231563770596871E-003
   5.15625000000000       1.745300196084344E-002 -6.213718427589368E-003
   5.18750000000000       1.726362799082500E-002 -6.211066943665768E-003
   5.21875000000000       1.710903930723915E-002 -6.226148953756803E-003
   5.25000000000000       1.699818149250498E-002 -6.262541762937287E-003
   5.28125000000000       1.694925203139530E-002 -6.327455827931974E-003
   5.31250000000000       1.702150631439586E-002 -6.445800957110314E-003
   5.34375000000000       1.737145386864897E-002 -6.319469373077547E-003
   5.37500000000000       1.753749341297127E-002 -6.000440872869544E-003
   5.40625000000000       1.761967210383145E-002 -5.642886900851942E-003
   5.43750000000000       1.764301242478770E-002 -5.259290766932513E-003
   5.46875000000000       1.761538176812864E-002 -4.854197693477603E-003
   5.50000000000000       1.753716019960418E-002 -4.428829651283823E-003
   5.53125000000000       1.740185473382244E-002 -3.981592258258454E-003
   5.56250000000000       1.718991347910382E-002 -3.505828550553384E-003
   5.59375000000000       1.681252644926940E-002 -2.968089030649064E-003
   5.62500000000000       1.622172598135357E-002 -2.800555670075781E-003
   5.65625000000000       1.582923701663401E-002 -2.740097570916140E-003
   5.68750000000000       1.551260699043413E-002 -2.710170932382207E-003
   5.71875000000000       1.524936038697879E-002 -2.700968619170321E-003
   5.75000000000000       1.503122294855941E-002 -2.708282368509311E-003
   5.78125000000000       1.485612064382243E-002 -2.730136103376265E-003
   5.81250000000000       1.472696929055421E-002 -2.765999313467733E-003
   5.84375000000000       1.465448466138090E-002 -2.817085824265404E-003
   5.87500000000000       1.467624149912745E-002 -2.889832176329423E-003
   5.90625000000000       1.488225799833514E-002 -2.785512374464892E-003
   5.93750000000000       1.494130456863397E-002 -2.549783208905951E-003
   5.96875000000000       1.494207151390300E-002 -2.305734232169783E-003
   6.00000000000000       1.490879995299629E-002 -2.058481318449975E-003
   6.03125000000000       1.485134351113633E-002 -1.810238532241119E-003
   6.06250000000000       1.477505491941137E-002 -1.562319563974125E-003
   6.09375000000000       1.468334947681198E-002 -1.315694968935877E-003
   6.12500000000000       1.457877892361672E-002 -1.071284912769873E-003
   6.15625000000000       1.446387094931556E-002 -8.303485230881204E-004
   6.18750000000000       1.434433774635587E-002 -5.967494126742953E-004
   6.21875000000000       1.423211511232289E-002 -3.460611954762413E-004
   6.25000000000000       1.409766570038595E-002 -8.503065728118796E-005
   6.28125000000000       1.394604879984172E-002  1.792931605217855E-004
   6.31250000000000       1.377752976717360E-002  4.458021720722900E-004
   6.34375000000000       1.359123923305744E-002  7.139813273640805E-004
   6.37500000000000       1.338537227619281E-002  9.835531219259341E-004
   6.40625000000000       1.315685606031557E-002  1.254385543949599E-003
   6.43750000000000       1.290034465934823E-002  1.526487238204176E-003
   6.46875000000000       1.260512619605264E-002  1.800106827604403E-003
   6.50000000000000       1.223852537428269E-002  2.076384235185279E-003
   6.53125000000000       1.176291371369889E-002  2.185982752770510E-003
   6.56250000000000       1.141527189864622E-002  2.220472319433685E-003
   6.59375000000000       1.111161604716455E-002  2.252690180147958E-003
   6.62500000000000       1.083316838275871E-002  2.283428027686162E-003
   6.65625000000000       1.057179602852319E-002  2.313022934871941E-003
   6.68750000000000       1.032276389995053E-002  2.341662238821763E-003
   6.71875000000000       1.008278471547260E-002  2.369463836479112E-003
   6.75000000000000       9.849177896470529E-003  2.396506371928046E-003
   6.78125000000000       9.619258335592473E-003  2.422841392791484E-003
   6.81250000000000       9.389278012323650E-003  2.448493074975157E-003
   6.84375000000000       9.146802532079661E-003  2.473395625721239E-003
   6.87500000000000       8.907701371731882E-003  2.451707569878902E-003
   6.90625000000000       8.696523311580755E-003  2.428747773342579E-003
   6.93750000000000       8.498492879409498E-003  2.405485444076738E-003
   6.96875000000000       8.310420930431639E-003  2.381889055787872E-003
   7.00000000000000       8.130693090554387E-003  2.357936698608949E-003
   7.03125000000000       7.958325131537720E-003  2.333605522365936E-003
   7.06250000000000       7.792689740447544E-003  2.308865676185217E-003
   7.09375000000000       7.633432606552570E-003  2.283672385138211E-003
   7.12500000000000       7.480501567239476E-003  2.257949623256103E-003
   7.15625000000000       7.334381318308946E-003  2.231543056487342E-003
   7.18750000000000       7.197502619644098E-003  2.203970817149798E-003
   7.21875000000000       7.074916720914934E-003  2.189506578637270E-003
   7.25000000000000       6.944369468071462E-003  2.183246227213729E-003
   7.28125000000000       6.811923793479657E-003  2.177730581852630E-003
   7.31250000000000       6.678840174661923E-003  2.172684256434187E-003
   7.34375000000000       6.545429617240947E-003  2.168003067572301E-003
   7.37500000000000       6.411670298324668E-003  2.163642157747878E-003
   7.40625000000000       6.277351782739763E-003  2.159587875756410E-003
   7.43750000000000       6.142105296341192E-003  2.155848973603165E-003
   7.46875000000000       6.005372919179411E-003  2.152456184235789E-003
   7.50000000000000       5.866290260257753E-003  2.149470305227241E-003
   7.53125000000000       5.723300171673969E-003  2.147012927207407E-003
   7.56250000000000       5.571608970906650E-003  2.145473916804668E-003
   7.59375000000000       5.411131066584032E-003  2.124086887932827E-003
   7.62500000000000       5.261260162794688E-003  2.098887525653222E-003
   7.65625000000000       5.113060646381441E-003  2.073702009349814E-003
   7.68750000000000       4.963885170971701E-003  2.048767598910737E-003
   7.71875000000000       4.811523765562614E-003  2.024296630063010E-003
   7.75000000000000       4.653410486099281E-003  2.000549104334624E-003
   7.78125000000000       4.486016325518621E-003  1.977896041638528E-003
   7.81250000000000       4.303876185888385E-003  1.956927246540311E-003
   7.84375000000000       4.097480053630625E-003  1.938689862024434E-003
   7.87500000000000       3.847589198323263E-003  1.925338898512332E-003
   7.90625000000000       3.504523513147592E-003  1.922533910282668E-003
   7.93750000000000       2.843819174452963E-003  1.956398687077475E-003
   7.96875000000000       2.574246121376298E-003  1.037957575999197E-006
   8.00000000000000       3.257866586363387E-003  5.666989619011422E-007
   8.03125000000000       3.526852110202511E-003  3.950086543760020E-007
   8.06250000000000       3.681402387528339E-003  2.984834565867176E-007
   8.09375000000000       3.781500651123019E-003  2.352512816249501E-007
   8.12500000000000       3.849817525524632E-003  1.902973258523439E-007
   8.15625000000000       3.897404207010490E-003  1.566411891775073E-007
   8.18750000000000       3.930486312509757E-003  1.305212419600629E-007
   8.21875000000000       3.952918841870864E-003  1.097041636812914E-007
   8.25000000000000       3.967254133766257E-003  9.276976554842048E-008
   8.28125000000000       3.975268567778296E-003  7.876689763710481E-008
   8.31250000000000       3.978247220918244E-003  6.703254986670335E-008
   8.34375000000000       3.977148827976978E-003  5.708924454934851E-008
   8.37500000000000       3.972706823242270E-003  4.858399628175007E-008
   8.40625000000000       3.965494078041766E-003  4.124990129004546E-008
   8.43750000000000       3.955965944330416E-003  3.488134458756173E-008
   8.46875000000000       3.944489781440623E-003  2.931729820460647E-008
   8.50000000000000       3.931365792645164E-003  2.442990341620222E-008
   8.53125000000000       3.916842025114840E-003  2.011636613514188E-008
   8.56250000000000       3.901125439417981E-003  1.629305869755638E-008
   8.59375000000000       3.884390186872645E-003  1.289131294788593E-008
   8.62500000000000       3.866783924488095E-003  9.854349734458032E-009
   8.65625000000000       3.848432680170673E-003  7.134618137216275E-009
   8.68750000000000       3.829444674030756E-003  4.692235633481574E-009
   8.71875000000000       3.809913318149630E-003  2.493376379787639E-009
   8.75000000000000       3.789919643998853E-003  5.092719916567276E-010
   8.78125000000000       3.769534228296748E-003 -1.284766403602199E-009
   8.81250000000000       3.748818796537818E-003 -2.909957172618559E-009
   8.84375000000000       3.727827508255583E-003 -4.384661263049110E-009
   8.87500000000000       3.706608038529959E-003 -5.724847483485381E-009
   8.90625000000000       3.685202466782787E-003 -6.944416675180192E-009
   8.93750000000000       3.663648034292867E-003 -8.055599979322928E-009
   8.96875000000000       3.641977763787847E-003 -9.069059137165275E-009
   9.00000000000000       3.620221005821925E-003 -9.994262150231088E-009
   9.03125000000000       3.598403880502888E-003 -1.083960415609213E-008
   9.06250000000000       3.576549683276107E-003 -1.161247591781236E-008
   9.09375000000000       3.554679202617826E-003 -1.231947513097363E-008
   9.12500000000000       3.532811017713982E-003 -1.296648804314713E-008
   9.15625000000000       3.510961749367095E-003 -1.355881322481414E-008
   9.18750000000000       3.489146270166796E-003 -1.410116219182690E-008
   9.21875000000000       3.467377901423280E-003 -1.459777738717762E-008
   9.25000000000000       3.445668572681364E-003 -1.505247915943125E-008
   9.28125000000000       3.424028974526483E-003 -1.546871785665442E-008
   9.31250000000000       3.402468675275970E-003 -1.584961602731121E-008
   9.34375000000000       3.380996249301284E-003 -1.619799451793786E-008
   9.37500000000000       3.359619361828641E-003 -1.651642329857545E-008
   9.40625000000000       3.338344871735976E-003 -1.680726038779632E-008
   9.43750000000000       3.317178896180941E-003 -1.707257712915152E-008
   9.46875000000000       3.296126892498669E-003 -1.731432195286166E-008
   9.50000000000000       3.275193718137430E-003 -1.753429870834819E-008
   9.53125000000000       3.254383685252405E-003 -1.773411914788057E-008
   9.56250000000000       3.233700609074351E-003 -1.791519745236497E-008
   9.59375000000000       3.213147858668027E-003 -1.807895729024906E-008
   9.62500000000000       3.192728392764544E-003 -1.822661702906888E-008
   9.65625000000000       3.172444802222757E-003 -1.835935291708473E-008
   9.68750000000000       3.152299337405774E-003 -1.847818060967055E-008
   9.71875000000000       3.132293941285294E-003 -1.858411594902185E-008
   9.75000000000000       3.112430275410712E-003 -1.867799378323912E-008
   9.78125000000000       3.092709744208252E-003 -1.876072872043327E-008
   9.81250000000000       3.073133521252745E-003 -1.883299645882375E-008
   9.84375000000000       3.053702563534844E-003 -1.889554850639726E-008
   9.87500000000000       3.034417635028160E-003 -1.894905678916960E-008
   9.90625000000000       3.015279319848060E-003 -1.899409742563938E-008
   9.93750000000000       2.996288042152226E-003 -1.903122786715595E-008
   9.96875000000000       2.977444072035936E-003 -1.906100118397708E-008
   10.0000000000000       2.958747549857775E-003 -1.908390339913559E-008
   11.0000000000000       2.689770499870704E-003  0.000000000000000E+000
   12.0000000000000       2.465622958214812E-003  0.000000000000000E+000
   13.0000000000000       2.275959653736750E-003  0.000000000000000E+000
   14.0000000000000       2.113391107041268E-003  0.000000000000000E+000
   15.0000000000000       1.972498366571850E-003  0.000000000000000E+000
   16.0000000000000       1.849217218661109E-003  0.000000000000000E+000
   17.0000000000000       1.740439735210456E-003  0.000000000000000E+000
   18.0000000000000       1.643748638809875E-003  0.000000000000000E+000
   19.0000000000000       1.557235552556724E-003  0.000000000000000E+000
   20.0000000000000       1.479373774928888E-003  0.000000000000000E+000
   21.0000000000000       1.408927404694179E-003  0.000000000000000E+000
   22.0000000000000       1.344885249935352E-003  0.000000000000000E+000
   23.0000000000000       1.286411978199033E-003  0.000000000000000E+000
   24.0000000000000       1.232811479107406E-003  0.000000000000000E+000
   25.0000000000000       1.183499019943110E-003  0.000000000000000E+000
   26.0000000000000       1.137979826868375E-003  0.000000000000000E+000
   27.0000000000000       1.095832425873250E-003  0.000000000000000E+000
   28.0000000000000       1.056695553520634E-003  0.000000000000000E+000
   29.0000000000000       1.020257775813026E-003  0.000000000000000E+000
   30.0000000000000       9.862491832859251E-004  0.000000000000000E+000
   31.0000000000000       9.544346935025081E-004  0.000000000000000E+000
   32.0000000000000       9.246086093305547E-004  0.000000000000000E+000
   33.0000000000000       8.965901666235682E-004  0.000000000000000E+000
   34.0000000000000       8.702198676052280E-004  0.000000000000000E+000
   35.0000000000000       8.453564428165071E-004  0.000000000000000E+000
   36.0000000000000       8.218743194049375E-004  0.000000000000000E+000
   37.0000000000000       7.996614999615608E-004  0.000000000000000E+000
   38.0000000000000       7.786177762783619E-004  0.000000000000000E+000
   39.0000000000000       7.586532179122500E-004  0.000000000000000E+000
   40.0000000000000       7.396868874644438E-004  0.000000000000000E+000
   41.0000000000000       7.216457438677500E-004  0.000000000000000E+000
   42.0000000000000       7.044637023470893E-004  0.000000000000000E+000
   43.0000000000000       6.880808255483198E-004  0.000000000000000E+000
   44.0000000000000       6.724426249676761E-004  0.000000000000000E+000
   45.0000000000000       6.574994555239500E-004  0.000000000000000E+000
   46.0000000000000       6.432059890995164E-004  0.000000000000000E+000
   47.0000000000000       6.295207552888883E-004  0.000000000000000E+000
   48.0000000000000       6.164057395537031E-004  0.000000000000000E+000
   49.0000000000000       6.038260305832193E-004  0.000000000000000E+000
   50.0000000000000       5.917495099715550E-004  0.000000000000000E+000
   51.0000000000000       5.801465784034853E-004  0.000000000000000E+000
   52.0000000000000       5.689899134341876E-004  0.000000000000000E+000
   53.0000000000000       5.582542546901463E-004  0.000000000000000E+000
   54.0000000000000       5.479162129366250E-004  0.000000000000000E+000
   55.0000000000000       5.379540999741409E-004  0.000000000000000E+000
   56.0000000000000       5.283477767603170E-004  0.000000000000000E+000
   57.0000000000000       5.190785175189079E-004  0.000000000000000E+000
   58.0000000000000       5.101288879065130E-004  0.000000000000000E+000
   59.0000000000000       5.014826355691144E-004  0.000000000000000E+000
   60.0000000000000       4.931245916429625E-004  0.000000000000000E+000
   61.0000000000000       4.850405819438975E-004  0.000000000000000E+000
   62.0000000000000       4.772173467512541E-004  0.000000000000000E+000
   63.0000000000000       4.696424682313929E-004  0.000000000000000E+000
   64.0000000000000       4.623043046652774E-004  0.000000000000000E+000
   65.0000000000000       4.551919307473500E-004  0.000000000000000E+000
   66.0000000000000       4.482950833117841E-004  0.000000000000000E+000
   67.0000000000000       4.416041119190709E-004  0.000000000000000E+000
   68.0000000000000       4.351099338026140E-004  0.000000000000000E+000
   69.0000000000000       4.288039927330109E-004  0.000000000000000E+000
   70.0000000000000       4.226782214082536E-004  0.000000000000000E+000
   71.0000000000000       4.167250070222218E-004  0.000000000000000E+000
   72.0000000000000       4.109371597024688E-004  0.000000000000000E+000
   73.0000000000000       4.053078835421610E-004  0.000000000000000E+000
   74.0000000000000       3.998307499807804E-004  0.000000000000000E+000
   75.0000000000000       3.944996733143700E-004  0.000000000000000E+000
   76.0000000000000       3.893088881391810E-004  0.000000000000000E+000
   77.0000000000000       3.842529285529578E-004  0.000000000000000E+000
   78.0000000000000       3.793266089561250E-004  0.000000000000000E+000
   79.0000000000000       3.745250063111108E-004  0.000000000000000E+000
   80.0000000000000       3.698434437322219E-004  0.000000000000000E+000
   81.0000000000000       3.652774752910834E-004  0.000000000000000E+000
   82.0000000000000       3.608228719338750E-004  0.000000000000000E+000
   83.0000000000000       3.564756084165994E-004  0.000000000000000E+000
   84.0000000000000       3.522318511735447E-004  0.000000000000000E+000
   85.0000000000000       3.480879470420912E-004  0.000000000000000E+000
   86.0000000000000       3.440404127741599E-004  0.000000000000000E+000
   87.0000000000000       3.400859252710086E-004  0.000000000000000E+000
   88.0000000000000       3.362213124838381E-004  0.000000000000000E+000
   89.0000000000000       3.324435449278399E-004  0.000000000000000E+000
   90.0000000000000       3.287497277619750E-004  0.000000000000000E+000
   91.0000000000000       3.251370933909643E-004  0.000000000000000E+000
   92.0000000000000       3.216029945497582E-004  0.000000000000000E+000
   93.0000000000000       3.181448978341693E-004  0.000000000000000E+000
   94.0000000000000       3.147603776444442E-004  0.000000000000000E+000
   95.0000000000000       3.114471105113447E-004  0.000000000000000E+000
   96.0000000000000       3.082028697768515E-004  0.000000000000000E+000
   97.0000000000000       3.050255206038944E-004  0.000000000000000E+000
   98.0000000000000       3.019130152916097E-004  0.000000000000000E+000
   99.0000000000000       2.988633888745227E-004  0.000000000000000E+000
   100.000000000000       2.958747549857775E-004  0.000000000000000E+000
   101.000000000000       2.929453019661164E-004  0.000000000000000E+000
   102.000000000000       2.900732892017426E-004  0.000000000000000E+000
   103.000000000000       2.872570436755121E-004  0.000000000000000E+000
   104.000000000000       2.844949567170938E-004  0.000000000000000E+000
   105.000000000000       2.817854809388357E-004  0.000000000000000E+000
   106.000000000000       2.791271273450731E-004  0.000000000000000E+000
   107.000000000000       2.765184626035304E-004  0.000000000000000E+000
   108.000000000000       2.739581064683125E-004  0.000000000000000E+000
   109.000000000000       2.714447293447500E-004  0.000000000000000E+000
   110.000000000000       2.689770499870705E-004  0.000000000000000E+000
   111.000000000000       2.665538333205203E-004  0.000000000000000E+000
   112.000000000000       2.641738883801585E-004  0.000000000000000E+000
   113.000000000000       2.618360663590951E-004  0.000000000000000E+000
   114.000000000000       2.595392587594540E-004  0.000000000000000E+000
   115.000000000000       2.572823956398065E-004  0.000000000000000E+000
   116.000000000000       2.550644439532565E-004  0.000000000000000E+000
   117.000000000000       2.528844059707500E-004  0.000000000000000E+000
   118.000000000000       2.507413177845572E-004  0.000000000000000E+000
   119.000000000000       2.486342478872080E-004  0.000000000000000E+000
   120.000000000000       2.465622958214813E-004  0.000000000000000E+000
   121.000000000000       2.445245908973368E-004  0.000000000000000E+000
   122.000000000000       2.425202909719488E-004  0.000000000000000E+000
   123.000000000000       2.405485812892500E-004  0.000000000000000E+000
   124.000000000000       2.386086733756270E-004  0.000000000000000E+000
   125.000000000000       2.366998039886220E-004  0.000000000000000E+000
   126.000000000000       2.348212341156964E-004  0.000000000000000E+000
   127.000000000000       2.329722480202972E-004  0.000000000000000E+000
   128.000000000000       2.311521523326387E-004  0.000000000000000E+000
   129.000000000000       2.293602751827733E-004  0.000000000000000E+000
   130.000000000000       2.275959653736750E-004  0.000000000000000E+000
   131.000000000000       2.258585915921966E-004  0.000000000000000E+000
   132.000000000000       2.241475416558920E-004  0.000000000000000E+000
   133.000000000000       2.224622217938177E-004  0.000000000000000E+000
   134.000000000000       2.208020559595355E-004  0.000000000000000E+000
   135.000000000000       2.191664851746500E-004  0.000000000000000E+000
   136.000000000000       2.175549669013070E-004  0.000000000000000E+000
   137.000000000000       2.159669744421734E-004  0.000000000000000E+000
   138.000000000000       2.144019963665054E-004  0.000000000000000E+000
   139.000000000000       2.128595359609910E-004  0.000000000000000E+000
   140.000000000000       2.113391107041268E-004  0.000000000000000E+000
   141.000000000000       2.098402517629628E-004  0.000000000000000E+000
   142.000000000000       2.083625035111109E-004  0.000000000000000E+000
   143.000000000000       2.069054230669773E-004  0.000000000000000E+000
   144.000000000000       2.054685798512344E-004  0.000000000000000E+000
   145.000000000000       2.040515551626052E-004  0.000000000000000E+000
   146.000000000000       2.026539417710805E-004  0.000000000000000E+000
   147.000000000000       2.012753435277398E-004  0.000000000000000E+000
   148.000000000000       1.999153749903902E-004  0.000000000000000E+000
   149.000000000000       1.985736610642802E-004  0.000000000000000E+000
   150.000000000000       1.972498366571850E-004  0.000000000000000E+000
   151.000000000000       1.959435463481970E-004  0.000000000000000E+000
   152.000000000000       1.946544440695905E-004  0.000000000000000E+000
   153.000000000000       1.933821928011618E-004  0.000000000000000E+000
   154.000000000000       1.921264642764789E-004  0.000000000000000E+000
   155.000000000000       1.908869387005016E-004  0.000000000000000E+000
   156.000000000000       1.896633044780625E-004  0.000000000000000E+000
   157.000000000000       1.884552579527245E-004  0.000000000000000E+000
   158.000000000000       1.872625031555554E-004  0.000000000000000E+000
   159.000000000000       1.860847515633821E-004  0.000000000000000E+000
   160.000000000000       1.849217218661109E-004  0.000000000000000E+000
   161.000000000000       1.837731397427189E-004  0.000000000000000E+000
   162.000000000000       1.826387376455417E-004  0.000000000000000E+000
   163.000000000000       1.815182545925015E-004  0.000000000000000E+000
   164.000000000000       1.804114359669375E-004  0.000000000000000E+000
   165.000000000000       1.793180333247136E-004  0.000000000000000E+000
   166.000000000000       1.782378042082997E-004  0.000000000000000E+000
   167.000000000000       1.771705119675315E-004  0.000000000000000E+000
   168.000000000000       1.761159255867723E-004  0.000000000000000E+000
   169.000000000000       1.750738195182115E-004  0.000000000000000E+000
   170.000000000000       1.740439735210456E-004  0.000000000000000E+000
   171.000000000000       1.730261725063026E-004  0.000000000000000E+000
   172.000000000000       1.720202063870799E-004  0.000000000000000E+000
   173.000000000000       1.710258699339754E-004  0.000000000000000E+000
   174.000000000000       1.700429626355043E-004  0.000000000000000E+000
   175.000000000000       1.690712885633014E-004  0.000000000000000E+000
   176.000000000000       1.681106562419190E-004  0.000000000000000E+000
   177.000000000000       1.671608785230381E-004  0.000000000000000E+000
   178.000000000000       1.662217724639200E-004  0.000000000000000E+000
   179.000000000000       1.652931592099316E-004  0.000000000000000E+000
   180.000000000000       1.643748638809875E-004  0.000000000000000E+000
   181.000000000000       1.634667154617555E-004  0.000000000000000E+000
   182.000000000000       1.625685466954822E-004  0.000000000000000E+000
   183.000000000000       1.616801939812992E-004  0.000000000000000E+000
   184.000000000000       1.608014972748791E-004  0.000000000000000E+000
   185.000000000000       1.599322999923122E-004  0.000000000000000E+000
   186.000000000000       1.590724489170847E-004  0.000000000000000E+000
   187.000000000000       1.582217941100415E-004  0.000000000000000E+000
   188.000000000000       1.573801888222221E-004  0.000000000000000E+000
   189.000000000000       1.565474894104643E-004  0.000000000000000E+000
   190.000000000000       1.557235552556724E-004  0.000000000000000E+000
   191.000000000000       1.549082486836531E-004  0.000000000000000E+000
   192.000000000000       1.541014348884258E-004  0.000000000000000E+000
   193.000000000000       1.533029818579158E-004  0.000000000000000E+000
   194.000000000000       1.525127603019472E-004  0.000000000000000E+000
   195.000000000000       1.517306435824500E-004  0.000000000000000E+000
   196.000000000000       1.509565076458048E-004  0.000000000000000E+000
   197.000000000000       1.501902309572475E-004  0.000000000000000E+000
   198.000000000000       1.494316944372614E-004  0.000000000000000E+000
   199.000000000000       1.486807813998882E-004  0.000000000000000E+000
   200.000000000000       1.479373774928888E-004  0.000000000000000E+000
   201.000000000000       1.472013706396903E-004  0.000000000000000E+000
   202.000000000000       1.464726509830582E-004  0.000000000000000E+000
   203.000000000000       1.457511108304323E-004  0.000000000000000E+000
   204.000000000000       1.450366446008713E-004  0.000000000000000E+000
   205.000000000000       1.443291487735500E-004  0.000000000000000E+000
   206.000000000000       1.436285218377561E-004  0.000000000000000E+000
   207.000000000000       1.429346642443370E-004  0.000000000000000E+000
   208.000000000000       1.422474783585469E-004  0.000000000000000E+000
   209.000000000000       1.415668684142476E-004  0.000000000000000E+000
   210.000000000000       1.408927404694179E-004  0.000000000000000E+000
   211.000000000000       1.402250023629277E-004  0.000000000000000E+000
   212.000000000000       1.395635636725366E-004  0.000000000000000E+000
   213.000000000000       1.389083356740739E-004  0.000000000000000E+000
   214.000000000000       1.382592313017652E-004  0.000000000000000E+000
   215.000000000000       1.376161651096639E-004  0.000000000000000E+000
   216.000000000000       1.369790532341563E-004  0.000000000000000E+000
   217.000000000000       1.363478133575012E-004  0.000000000000000E+000
   218.000000000000       1.357223646723750E-004  0.000000000000000E+000
   219.000000000000       1.351026278473870E-004  0.000000000000000E+000
   220.000000000000       1.344885249935352E-004  0.000000000000000E+000
   221.000000000000       1.338799796315735E-004  0.000000000000000E+000
   222.000000000000       1.332769166602601E-004  0.000000000000000E+000
   223.000000000000       1.326792623254608E-004  0.000000000000000E+000
   224.000000000000       1.320869441900792E-004  0.000000000000000E+000
   225.000000000000       1.314998911047900E-004  0.000000000000000E+000
   226.000000000000       1.309180331795476E-004  0.000000000000000E+000
   227.000000000000       1.303413017558491E-004  0.000000000000000E+000
   228.000000000000       1.297696293797270E-004  0.000000000000000E+000
   229.000000000000       1.292029497754487E-004  0.000000000000000E+000
   230.000000000000       1.286411978199033E-004  0.000000000000000E+000
   231.000000000000       1.280843095176526E-004  0.000000000000000E+000
   232.000000000000       1.275322219766282E-004  0.000000000000000E+000
   233.000000000000       1.269848733844539E-004  0.000000000000000E+000
   234.000000000000       1.264422029853750E-004  0.000000000000000E+000
   235.000000000000       1.259041510577777E-004  0.000000000000000E+000
   236.000000000000       1.253706588922786E-004  0.000000000000000E+000
   237.000000000000       1.248416687703703E-004  0.000000000000000E+000
   238.000000000000       1.243171239436040E-004  0.000000000000000E+000
   239.000000000000       1.237969686132960E-004  0.000000000000000E+000
   240.000000000000       1.232811479107406E-004  0.000000000000000E+000
   241.000000000000       1.227696078779160E-004  0.000000000000000E+000
   242.000000000000       1.222622954486684E-004  0.000000000000000E+000
   243.000000000000       1.217591584303611E-004  0.000000000000000E+000
   244.000000000000       1.212601454859744E-004  0.000000000000000E+000
   245.000000000000       1.207652061166439E-004  0.000000000000000E+000
   246.000000000000       1.202742906446250E-004  0.000000000000000E+000
   247.000000000000       1.197873501966711E-004  0.000000000000000E+000
   248.000000000000       1.193043366878135E-004  0.000000000000000E+000
   249.000000000000       1.188252028055331E-004  0.000000000000000E+000
   250.000000000000       1.183499019943110E-004  0.000000000000000E+000
   251.000000000000       1.178783884405488E-004  0.000000000000000E+000
   252.000000000000       1.174106170578482E-004  0.000000000000000E+000
   253.000000000000       1.169465434726393E-004  0.000000000000000E+000
   254.000000000000       1.164861240101486E-004  0.000000000000000E+000
   255.000000000000       1.160293156806971E-004  0.000000000000000E+000
   256.000000000000       1.155760761663193E-004  0.000000000000000E+000
   257.000000000000       1.151263638076955E-004  0.000000000000000E+000
   258.000000000000       1.146801375913866E-004  0.000000000000000E+000
   259.000000000000       1.142373571373658E-004  0.000000000000000E+000
   260.000000000000       1.137979826868375E-004  0.000000000000000E+000
   261.000000000000       1.133619750903362E-004  0.000000000000000E+000
   262.000000000000       1.129292957960983E-004  0.000000000000000E+000
   263.000000000000       1.124999068386987E-004  0.000000000000000E+000
   264.000000000000       1.120737708279460E-004  0.000000000000000E+000
   265.000000000000       1.116508509380292E-004  0.000000000000000E+000
   266.000000000000       1.112311108969088E-004  0.000000000000000E+000
   267.000000000000       1.108145149759466E-004  0.000000000000000E+000
   268.000000000000       1.104010279797677E-004  0.000000000000000E+000
   269.000000000000       1.099906152363485E-004  0.000000000000000E+000
   270.000000000000       1.095832425873250E-004  0.000000000000000E+000
   271.000000000000       1.091788763785157E-004  0.000000000000000E+000
   272.000000000000       1.087774834506535E-004  0.000000000000000E+000
   273.000000000000       1.083790311303214E-004  0.000000000000000E+000
   274.000000000000       1.079834872210867E-004  0.000000000000000E+000
   275.000000000000       1.075908199948282E-004  0.000000000000000E+000
   276.000000000000       1.072009981832527E-004  0.000000000000000E+000
   277.000000000000       1.068139909695948E-004  0.000000000000000E+000
   278.000000000000       1.064297679804955E-004  0.000000000000000E+000
   279.000000000000       1.060482992780565E-004  0.000000000000000E+000
   280.000000000000       1.056695553520634E-004  0.000000000000000E+000
   281.000000000000       1.052935071123763E-004  0.000000000000000E+000
   282.000000000000       1.049201258814814E-004  0.000000000000000E+000
   283.000000000000       1.045493833872005E-004  0.000000000000000E+000
   284.000000000000       1.041812517555555E-004  0.000000000000000E+000
   285.000000000000       1.038157035037816E-004  0.000000000000000E+000
   286.000000000000       1.034527115334886E-004  0.000000000000000E+000
   287.000000000000       1.030922491239643E-004  0.000000000000000E+000
   288.000000000000       1.027342899256172E-004  0.000000000000000E+000
   289.000000000000       1.023788079535562E-004  0.000000000000000E+000
   290.000000000000       1.020257775813026E-004  0.000000000000000E+000
   291.000000000000       1.016751735346314E-004  0.000000000000000E+000
   292.000000000000       1.013269708855402E-004  0.000000000000000E+000
   293.000000000000       1.009811450463404E-004  0.000000000000000E+000
   294.000000000000       1.006376717638699E-004  0.000000000000000E+000
   295.000000000000       1.002965271138229E-004  0.000000000000000E+000
   296.000000000000       9.995768749519510E-005  0.000000000000000E+000
   297.000000000000       9.962112962484090E-005  0.000000000000000E+000
   298.000000000000       9.928683053214010E-005  0.000000000000000E+000
   299.000000000000       9.895476755377174E-005  0.000000000000000E+000
   300.000000000000       9.862491832859250E-005  0.000000000000000E+000
   301.000000000000       9.829726079261711E-005  0.000000000000000E+000
   302.000000000000       9.797177317409852E-005  0.000000000000000E+000
   303.000000000000       9.764843398870544E-005  0.000000000000000E+000
   304.000000000000       9.732722203479524E-005  0.000000000000000E+000
   305.000000000000       9.700811638877950E-005  0.000000000000000E+000
   306.000000000000       9.669109640058089E-005  0.000000000000000E+000
   307.000000000000       9.637614168917833E-005  0.000000000000000E+000
   308.000000000000       9.606323213823945E-005  0.000000000000000E+000
   309.000000000000       9.575234789183738E-005  0.000000000000000E+000
   310.000000000000       9.544346935025080E-005  0.000000000000000E+000
