  0.000000000000000E+000 -0.285480670341471       1.599487455504478E-008
  7.812500000000000E-003 -0.288726028228444      -5.091382773485219E-003
  1.562500000000000E-002 -0.284000157148730      -5.369473299115865E-003
  2.343750000000000E-002 -0.285303323488925      -7.501670166376786E-003
  3.125000000000000E-002 -0.284836133395712      -1.004172942113633E-002
  3.906250000000000E-002 -0.283902121747236      -1.230402882679178E-002
  4.687500000000000E-002 -0.284146738674294      -1.282514258405146E-002
  5.468750000000000E-002 -0.285331809528062      -1.522886912044643E-002
  6.250000000000000E-002 -0.286308857226056      -1.822864678417438E-002
  7.031250000000000E-002 -0.287058248112068      -2.209765931376085E-002
  7.812500000000000E-002 -0.287542218446374      -2.960996893477855E-002
  8.593750000000000E-002 -0.275559291924190      -3.173962342680474E-002
  9.375000000000000E-002 -0.273651865967456      -2.699355615184739E-002
  0.101562500000000      -0.274893945668954      -2.186634498200117E-002
  0.109375000000000      -0.283860142382506      -2.006914737384560E-002
  0.117187500000000      -0.285721537181969      -2.712658846393320E-002
  0.125000000000000      -0.288116711036365      -3.221595194628848E-002
  0.132812500000000      -0.284682983849046      -3.412405485733121E-002
  0.140625000000000      -0.287005354919127      -3.359719859705720E-002
  0.148437500000000      -0.291898084269272      -3.680648239632024E-002
  0.156250000000000      -0.295940659709971      -4.296181154344520E-002
  0.164062500000000      -0.296689630972890      -5.048829547019049E-002
  0.171875000000000      -0.298068675665927      -5.839436466232873E-002
  0.179687500000000      -0.293211296834851      -7.033056709396338E-002
  0.187500000000000      -0.286714753480608      -7.566887127796594E-002
  0.195312500000000      -0.278727695444827      -8.276633070189020E-002
  0.203125000000000      -0.267003418479884      -7.783323654977030E-002
  0.210937500000000      -0.266281830309107      -7.226872042641512E-002
  0.218750000000000      -0.270285550785391      -7.448445054597948E-002
  0.226562500000000      -0.269139107667687      -8.015893967280528E-002
  0.234375000000000      -0.263065108949818      -8.839172554644321E-002
  0.242187500000000      -0.250013091441942      -8.758580504235207E-002
  0.250000000000000      -0.241174924566389      -8.224085572306983E-002
  0.257812500000000      -0.238704447349945      -7.434393830545799E-002
  0.265625000000000      -0.232295505205188      -6.721191779405855E-002
  0.273437500000000      -0.232698014979591      -5.573063560305340E-002
  0.281250000000000      -0.239261923156545      -4.487646352110308E-002
  0.289062500000000      -0.248967740822391      -4.213808637455949E-002
  0.296875000000000      -0.255662891251981      -4.070765882880958E-002
  0.304687500000000      -0.262661782118083      -3.903470319615573E-002
  0.312500000000000      -0.270278388623456      -4.031458627054916E-002
  0.320312500000000      -0.276854151849485      -4.151234727802512E-002
  0.328125000000000      -0.284231486082827      -4.284322582234421E-002
  0.335937500000000      -0.293386528745772      -4.661912032646989E-002
  0.343750000000000      -0.302050418819281      -5.258549577878845E-002
  0.351562500000000      -0.311586467046807      -6.244391956883958E-002
  0.359375000000000      -0.311786543350279      -8.365145614192711E-002
  0.367187500000000      -0.301963442419607      -8.950965826385776E-002
  0.375000000000000      -0.296673754884282      -9.073264387285988E-002
  0.382812500000000      -0.293952320080379      -8.947166164499525E-002
  0.390625000000000      -0.297755212103069      -8.783951912207047E-002
  0.398437500000000      -0.302132801403554      -9.069150162464146E-002
  0.406250000000000      -0.306281213737686      -9.618333120515937E-002
  0.414062500000000      -0.307034137967108      -0.106769859530467     
  0.421875000000000      -0.300367059742830      -0.108565367897978     
  0.429687500000000      -0.299043481266336      -0.108226850762255     
  0.437500000000000      -0.299510285091736      -0.107779712987213     
  0.445312500000000      -0.301104943149282      -0.106497953889442     
  0.453125000000000      -0.305853534793981      -0.105842041426810     
  0.460937500000000      -0.311761079599561      -0.106272534341891     
  0.468750000000000      -0.319367992435901      -0.107755222598616     
  0.476562500000000      -0.329447581068749      -0.111412186111959     
  0.484375000000000      -0.338582853138138      -0.119581509960239     
  0.492187500000000      -0.347610947517384      -0.128773616411823     
  0.500000000000000      -0.357470446122603      -0.141296661842879     
  0.507812500000000      -0.367154344946943      -0.161061063256680     
  0.515625000000000      -0.359934654766364      -0.188248775116531     
  0.523437500000000      -0.348647827742875      -0.201806221255443     
  0.531250000000000      -0.338267071715405      -0.211999806807751     
  0.539062500000000      -0.327265570987729      -0.220190497895242     
  0.546875000000000      -0.311923830959021      -0.224967240472945     
  0.554687500000000      -0.303450834520692      -0.217895847927484     
  0.562500000000000      -0.302396388936493      -0.212608620310848     
  0.570312500000000      -0.306194430865523      -0.209589110654043     
  0.578125000000000      -0.314191316261073      -0.210701907492122     
  0.585937500000000      -0.322169693256772      -0.221402888680010     
  0.593750000000000      -0.322746856664024      -0.230845080568996     
  0.601562500000000      -0.324138209782584      -0.239498528396165     
  0.609375000000000      -0.326182322493319      -0.249467248156745     
  0.617187500000000      -0.328152874134016      -0.262558095467070     
  0.625000000000000      -0.323608770128591      -0.281748670764997     
  0.632812500000000      -0.313066011489528      -0.291780780751045     
  0.640625000000000      -0.304752223828015      -0.299181077148550     
  0.648437500000000      -0.297320955349302      -0.305372717457733     
  0.656250000000000      -0.290391143077952      -0.310228953961545     
  0.664062500000000      -0.284813448585334      -0.311756933347560     
  0.671875000000000      -0.286847358719352      -0.316784923531303     
  0.679687500000000      -0.286849129124712      -0.326001906056894     
  0.687500000000000      -0.285466018480738      -0.337446450286619     
  0.695312500000000      -0.282135805088919      -0.351009340443331     
  0.703125000000000      -0.275338575545620      -0.366691043031123     
  0.710937500000000      -0.260789202091684      -0.379420228251360     
  0.718750000000000      -0.249509195415256      -0.386671099514717     
  0.726562500000000      -0.239226754604464      -0.394373646543256     
  0.734375000000000      -0.228537300785664      -0.402527769254842     
  0.742187500000000      -0.216428110868623      -0.410900012297244     
  0.750000000000000      -0.201278768254689      -0.418645935343125     
  0.757812500000000      -0.184223175330639      -0.418021629427006     
  0.765625000000000      -0.174635252091982      -0.416864893237300     
  0.773437500000000      -0.166977038022464      -0.417590425644791     
  0.781250000000000      -0.160052825568657      -0.419855860488205     
  0.789062500000000      -0.153144965043911      -0.423377068325182     
  0.796875000000000      -0.145677692752217      -0.427463206355010     
  0.804687500000000      -0.140217482277783      -0.430573082817309     
  0.812500000000000      -0.136133272816721      -0.438429378497735     
  0.820312500000000      -0.130317339871634      -0.450029316539257     
  0.828125000000000      -0.121353291567751      -0.465395347772397     
  0.835937500000000      -0.106744963551988      -0.484599983809013     
  0.843750000000000      -8.163640614486185E-002 -0.506624846103497     
  0.851562500000000      -3.223623418924790E-002 -0.519688251491405     
  0.859375000000000       2.739803318786493E-003 -0.501285311267339     
  0.867187500000000       2.648001230338675E-002 -0.485164321495231     
  0.875000000000000       4.574129380569936E-002 -0.469929410043180     
  0.882812500000000       6.237800364249677E-002 -0.454944373226378     
  0.890625000000000       7.717336591095524E-002 -0.439580709247901     
  0.898437500000000       9.036071533731817E-002 -0.422877337191605     
  0.906250000000000       9.844728831435511E-002 -0.402308691776076     
  0.914062500000000       0.100242772616150      -0.387166958017391     
  0.921875000000000       0.101561500061179      -0.375543462541219     
  0.929687500000000       0.102762116799674      -0.366257991073127     
  0.937500000000000       0.104051722280674      -0.358843066984939     
  0.945312500000000       0.105558233573406      -0.353104444794053     
  0.953125000000000       0.107288156026304      -0.349211353182132     
  0.960937500000000       0.111023389682677      -0.349757541492612     
  0.968750000000000       0.120611474840364      -0.347944427427220     
  0.976562500000000       0.131045395416249      -0.343645165363432     
  0.984375000000000       0.142033919478929      -0.337416706354300     
  0.992187500000000       0.153350812480796      -0.329173546605852     
   1.00000000000000       0.164702097252186      -0.318560272080161     
   1.00781250000000       0.175602619004009      -0.304851683942060     
   1.01562500000000       0.184864471185752      -0.285620675709746     
   1.02343750000000       0.181488938546560      -0.266570356237114     
   1.03125000000000       0.178264498832875      -0.254287527784633     
   1.03906250000000       0.175533074395065      -0.244200018516897     
   1.04687500000000       0.173154470061181      -0.235421179233268     
   1.05468750000000       0.171027978576595      -0.227527707407630     
   1.06250000000000       0.169043797573433      -0.220274240813103     
   1.07031250000000       0.167026841021507      -0.213526230376033     
   1.07812500000000       0.164426542119742      -0.207652706357161     
   1.08593750000000       0.162919938190895      -0.203242652385864     
   1.09375000000000       0.162167342626826      -0.198912188704456     
   1.10156250000000       0.161949753748309      -0.194637881001115     
   1.10937500000000       0.162198155504054      -0.190317115948326     
   1.11718750000000       0.162857158449350      -0.185819875439937     
   1.12500000000000       0.163849792541595      -0.180984632662296     
   1.13281250000000       0.165038691377607      -0.175594881399415     
   1.14062500000000       0.166078166102842      -0.169156940342582     
   1.14843750000000       0.165289328197571      -0.162995847484280     
   1.15625000000000       0.164824432321925      -0.157584032677134     
   1.16406250000000       0.164515743270481      -0.152255860546743     
   1.17187500000000       0.164265137110514      -0.146860256484564     
   1.17968750000000       0.163982707704009      -0.141311601738895     
   1.18750000000000       0.163568514432147      -0.135546796803650     
   1.19531250000000       0.162894188415363      -0.129503998646885     
   1.20312500000000       0.161744038461699      -0.123070811177348     
   1.21093750000000       0.158850955507178      -0.116397754815856     
   1.21875000000000       0.155646467630572      -0.111758330294531     
   1.22656250000000       0.152917357969861      -0.107637350800904     
   1.23437500000000       0.150439830204337      -0.103791640403609     
   1.24218750000000       0.148125425929285      -0.100137026542811     
   1.25000000000000       0.145924270785123      -9.663516330646277E-002
   1.25781250000000       0.143805830388460      -9.327157208475506E-002
   1.26562500000000       0.141756061429742      -9.005289456977737E-002
   1.27343750000000       0.139794109349361      -8.702529240995699E-002
   1.28125000000000       0.138300452592200      -8.418251410990321E-002
   1.28906250000000       0.136865892480539      -8.082739704353993E-002
   1.29687500000000       0.135244851181050      -7.737236662527637E-002
   1.30468750000000       0.133453306113149      -7.387753644497831E-002
   1.31250000000000       0.131470764106769      -7.038118969633719E-002
   1.32031250000000       0.129268219892332      -6.692394636630952E-002
   1.32812500000000       0.126811709281804      -6.355626632855854E-002
   1.33593750000000       0.124059066941075      -6.034656896424823E-002
   1.34375000000000       0.120941268679617      -5.740176375259395E-002
   1.35156250000000       0.117205562843844      -5.500373032350439E-002
   1.35937500000000       0.114197302210137      -5.431756368820200E-002
   1.36718750000000       0.112129988201612      -5.324772910355004E-002
   1.37500000000000       0.110359938642928      -5.198677565060515E-002
   1.38281250000000       0.108774145690760      -5.058225098617154E-002
   1.39062500000000       0.107312146339227      -4.904701019011538E-002
   1.39843750000000       0.105929749849315      -4.738110070061535E-002
   1.40625000000000       0.104587326523692      -4.557729619276329E-002
   1.41406250000000       0.103243132223359      -4.362086088005929E-002
   1.42187500000000       0.101844026337115      -4.147952448835328E-002
   1.42968750000000       0.100264981227748      -3.899640823642723E-002
   1.43750000000000       9.790352691778290E-002 -3.683085899208303E-002
   1.44531250000000       9.570366324877908E-002 -3.503775378324159E-002
   1.45312500000000       9.355883165844456E-002 -3.337150484118985E-002
   1.46093750000000       9.143720653306779E-002 -3.179169854949757E-002
   1.46875000000000       8.931978512528853E-002 -3.028385455291428E-002
   1.47656250000000       8.719218526418127E-002 -2.884407221918452E-002
   1.48437500000000       8.504182475189212E-002 -2.747490218780330E-002
   1.49218750000000       8.285584350663587E-002 -2.618461002298101E-002
   1.50000000000000       8.061717641108899E-002 -2.498942867165053E-002
   1.50781250000000       7.828724660224536E-002 -2.392681386381623E-002
   1.51562500000000       7.592221723348475E-002 -2.330223453358932E-002
   1.52343750000000       7.396636624765038E-002 -2.276067347737663E-002
   1.53125000000000       7.213479453115351E-002 -2.216656430427669E-002
   1.53906250000000       7.036983338885808E-002 -2.154473574880950E-002
   1.54687500000000       6.864390584984251E-002 -2.090603473187046E-002
   1.55468750000000       6.693827341696146E-002 -2.025716026688409E-002
   1.56250000000000       6.523721288580137E-002 -1.960301617045679E-002
   1.57031250000000       6.352484373252262E-002 -1.894755882694570E-002
   1.57812500000000       6.178155508604696E-002 -1.829407523061623E-002
   1.58593750000000       5.997602541397844E-002 -1.764488070983451E-002
   1.59375000000000       5.802947177650212E-002 -1.699820360171712E-002
   1.60156250000000       5.573593142236508E-002 -1.675180129943131E-002
   1.60937500000000       5.384879301711877E-002 -1.686075537233801E-002
   1.61718750000000       5.216391228302499E-002 -1.699826700350006E-002
   1.62500000000000       5.061521627778123E-002 -1.715665262617858E-002
   1.63281250000000       4.917707606129957E-002 -1.733345706350610E-002
   1.64062500000000       4.783714367569741E-002 -1.752789008674082E-002
   1.64843750000000       4.659007748519226E-002 -1.774005551316710E-002
   1.65625000000000       4.543588948961473E-002 -1.797081232069931E-002
   1.66406250000000       4.438062428334067E-002 -1.822199630213425E-002
   1.67187500000000       4.344037067640651E-002 -1.849723358247292E-002
   1.67968750000000       4.265685043570994E-002 -1.880486835282402E-002
   1.68750000000000       4.228554191593017E-002 -1.912863506589586E-002
   1.69531250000000       4.192165160399251E-002 -1.876665680304487E-002
   1.70312500000000       4.130775949415934E-002 -1.836499326592826E-002
   1.71093750000000       4.059026829352975E-002 -1.795285940802143E-002
   1.71875000000000       3.980581569635312E-002 -1.753968820600353E-002
   1.72656250000000       3.897131265256505E-002 -1.713126478413392E-002
   1.73437500000000       3.809619606056983E-002 -1.673211603903501E-002
   1.74218750000000       3.718622468444404E-002 -1.634639827536926E-002
   1.75000000000000       3.624499760836979E-002 -1.597847519171683E-002
   1.75781250000000       3.527456397925682E-002 -1.563360697583360E-002
   1.76562500000000       3.427540368009692E-002 -1.531932289613925E-002
   1.77343750000000       3.324511570146243E-002 -1.504968882147877E-002
   1.78125000000000       3.216267077107222E-002 -1.488762114794860E-002
   1.78906250000000       3.129200890120733E-002 -1.482242805307984E-002
   1.79687500000000       3.046010062776874E-002 -1.466128159265660E-002
   1.80468750000000       2.963528089453887E-002 -1.445704901950737E-002
   1.81250000000000       2.880764298610009E-002 -1.422060515791959E-002
   1.82031250000000       2.797034585792045E-002 -1.395655633574124E-002
   1.82812500000000       2.711718621746554E-002 -1.366705144260717E-002
   1.83593750000000       2.624155700165719E-002 -1.335287583986850E-002
   1.84375000000000       2.533557031118944E-002 -1.301379501727521E-002
   1.85156250000000       2.438881519098085E-002 -1.264851741378414E-002
   1.85937500000000       2.338590937512194E-002 -1.225421040951672E-002
   1.86718750000000       2.230013238313392E-002 -1.182487368362934E-002
   1.87500000000000       2.106800935659233E-002 -1.134419653438497E-002
   1.88281250000000       1.932405113242705E-002 -1.101704891716772E-002
   1.89062500000000       1.789543540971586E-002 -1.130744967505198E-002
   1.89843750000000       1.670746630925045E-002 -1.155614118071242E-002
   1.90625000000000       1.561885442194882E-002 -1.176008041120808E-002
   1.91406250000000       1.458028128914509E-002 -1.192457660832850E-002
   1.92187500000000       1.356498160869270E-002 -1.205404355236317E-002
   1.92968750000000       1.255460276008028E-002 -1.215158838226268E-002
   1.93750000000000       1.153401706188174E-002 -1.221916842858178E-002
   1.94531250000000       1.048851029618473E-002 -1.225769829454059E-002
   1.95312500000000       9.401361505198998E-003 -1.226702152674264E-002
   1.96093750000000       8.250402553458191E-003 -1.224569081289970E-002
   1.96875000000000       7.000623998769872E-003 -1.219042383426341E-002
   1.97656250000000       5.580310267485946E-003 -1.209496018576666E-002
   1.98437500000000       3.635017131175731E-003 -1.197562330753487E-002
   1.99218750000000       1.784699184352423E-003 -1.289809757081358E-002
   2.00000000000000       3.333806143827754E-004 -1.375239838007535E-002
   2.00781250000000      -9.917140322615609E-004 -1.458662438802620E-002
   2.01562500000000      -2.250263069495837E-003 -1.541199261628621E-002
   2.02343750000000      -3.473339390248225E-003 -1.623318738346838E-002
   2.03125000000000      -4.683814910469280E-003 -1.705123569580192E-002
   2.03906250000000      -5.904283625206110E-003 -1.786363994254490E-002
   2.04687500000000      -7.163813617412427E-003 -1.866369352860343E-002
   2.05468750000000      -8.508047797780950E-003 -1.944018166375760E-002
   2.06250000000000      -1.001776458037022E-002 -2.018058661703440E-002
   2.07031250000000      -1.184414346816097E-002 -2.088658471634592E-002
   2.07812500000000      -1.427891917673582E-002 -2.162449487950336E-002
   2.08593750000000      -1.794885339702219E-002 -2.269637398737751E-002
   2.09375000000000      -2.500915276345842E-002 -2.682875307554240E-002
   2.10156250000000      -2.541538472179882E-002 -3.632493949654011E-002
   2.10937500000000      -2.250950023885481E-002 -4.320812066301125E-002
   2.11718750000000      -1.814711130924200E-002 -4.773353444169249E-002
   2.12500000000000      -1.358441555049272E-002 -5.015623606144030E-002
   2.13281250000000      -9.533151688671370E-003 -5.107597874069521E-002
   2.14062500000000      -6.236839862190515E-003 -5.109245478777859E-002
   2.14843750000000      -3.678705700625429E-003 -5.064652988333004E-002
   2.15625000000000      -1.743231184755459E-003 -5.001542422840603E-002
   2.16406250000000      -2.990860021821653E-004 -4.935878433163253E-002
   2.17187500000000       7.692604323756083E-004 -4.876416083036642E-002
   2.17968750000000       1.554178653284236E-003 -4.827938854399383E-002
   2.18750000000000       2.126666555500528E-003 -4.793401962705966E-002
   2.19531250000000       2.540628157198555E-003 -4.775632304622970E-002
   2.20312500000000       2.837050403712564E-003 -4.780291964772692E-002
   2.21093750000000       3.291573747495843E-003 -4.831908681621442E-002
   2.21875000000000       4.160883062932201E-003 -4.859077196903833E-002
   2.22656250000000       5.003825433308499E-003 -4.871512124201318E-002
   2.23437500000000       5.822291927961124E-003 -4.876765853975838E-002
   2.24218750000000       6.619971720752267E-003 -4.877175378500620E-002
   2.25000000000000       7.400812986283685E-003 -4.873789089422399E-002
   2.25781250000000       8.168746171183511E-003 -4.867116541075488E-002
   2.26562500000000       8.927620546142557E-003 -4.857368641892266E-002
   2.27343750000000       9.681187804287299E-003 -4.844546913455432E-002
   2.28125000000000       1.043307744594855E-002 -4.828469946745458E-002
   2.28906250000000       1.118672944522279E-002 -4.808762522727829E-002
   2.29687500000000       1.194524353186328E-002 -4.784809067412406E-002
   2.30468750000000       1.271107234284861E-002 -4.755651054069559E-002
   2.31250000000000       1.348538428869780E-002 -4.719752065270846E-002
   2.32031250000000       1.426649405359413E-002 -4.674290043281995E-002
   2.32812500000000       1.504207739925529E-002 -4.609972596375542E-002
   2.33593750000000       1.545277146170773E-002 -4.538660992764422E-002
   2.34375000000000       1.584288267547873E-002 -4.482425913636544E-002
   2.35156250000000       1.622704863956319E-002 -4.429325508809253E-002
   2.35937500000000       1.660480808333096E-002 -4.377022533276902E-002
   2.36718750000000       1.697561596905966E-002 -4.324301840067813E-002
   2.37500000000000       1.733856433699717E-002 -4.270329346137810E-002
   2.38281250000000       1.769229421748732E-002 -4.214429782391777E-002
   2.39062500000000       1.803491718978694E-002 -4.155989780805125E-002
   2.39843750000000       1.836390747113516E-002 -4.094400599554913E-002
   2.40625000000000       1.867593622239558E-002 -4.029010717807888E-002
   2.41406250000000       1.896660202586395E-002 -3.959070571654114E-002
   2.42187500000000       1.922996053683666E-002 -3.883647869342376E-002
   2.42968750000000       1.945761650541273E-002 -3.801468570098742E-002
   2.43750000000000       1.963668279524248E-002 -3.710554453854093E-002
   2.44531250000000       1.974384334529135E-002 -3.607137299304364E-002
   2.45312500000000       1.971309040840358E-002 -3.479505046840478E-002
   2.46093750000000       1.889929470003935E-002 -3.352789282898570E-002
   2.46875000000000       1.808714098395300E-002 -3.282574774008473E-002
   2.47656250000000       1.733877771566251E-002 -3.230549570730107E-002
   2.48437500000000       1.663184686261022E-002 -3.190687887689726E-002
   2.49218750000000       1.595810207743386E-002 -3.160344761097649E-002
   2.50000000000000       1.531391135867824E-002 -3.138030340206955E-002
   2.53125000000000       1.302151987039572E-002 -3.114224191368453E-002
   2.56250000000000       1.127778756462328E-002 -3.181023577011915E-002
   2.59375000000000       1.096304945851276E-002 -3.333770216901805E-002
   2.62500000000000       1.146115536070232E-002 -3.335124308831867E-002
   2.65625000000000       1.157099981659181E-002 -3.306718230741528E-002
   2.68750000000000       1.145784930816858E-002 -3.269437689714551E-002
   2.71875000000000       1.103990275173881E-002 -3.234643760626986E-002
   2.75000000000000       1.053911584248392E-002 -3.272224780647743E-002
   2.78125000000000       1.068098546279032E-002 -3.311284570817705E-002
   2.81250000000000       1.113758862807162E-002 -3.328642823156767E-002
   2.84375000000000       1.180507194461759E-002 -3.309592696705823E-002
   2.87500000000000       1.240015477376382E-002 -3.211880266295668E-002
   2.90625000000000       1.193893230907458E-002 -3.142416012406498E-002
   2.93750000000000       1.160252528765166E-002 -3.107848929265150E-002
   2.96875000000000       1.129822872415658E-002 -3.084730921854318E-002
   3.00000000000000       1.098230086470045E-002 -3.070698230823701E-002
   3.03125000000000       1.060391292700616E-002 -3.079236758068797E-002
   3.06250000000000       1.058053941246808E-002 -3.101866476599143E-002
   3.09375000000000       1.066608243035708E-002 -3.114688346807031E-002
   3.12500000000000       1.081603677367874E-002 -3.122329266709934E-002
   3.15625000000000       1.102042427713098E-002 -3.125625777856408E-002
   3.18750000000000       1.130195427237712E-002 -3.123522373970555E-002
   3.21875000000000       1.153330194968365E-002 -3.105779624046042E-002
   3.25000000000000       1.171123569005421E-002 -3.090168285364047E-002
   3.28125000000000       1.187317832661787E-002 -3.074630038589657E-002
   3.31250000000000       1.201808591953966E-002 -3.059143480018020E-002
   3.34375000000000       1.213202974712396E-002 -3.044613675206639E-002
   3.37500000000000       1.222578386433977E-002 -3.041482268801728E-002
   3.40625000000000       1.245218320018577E-002 -3.039287972277014E-002
   3.43750000000000       1.272817064570453E-002 -3.033373143537318E-002
   3.46875000000000       1.304178234073160E-002 -3.024123817909001E-002
   3.50000000000000       1.339441631032457E-002 -3.011220497972033E-002
   3.53125000000000       1.381397178979480E-002 -2.992671368656348E-002
   3.56250000000000       1.417120816391936E-002 -2.953440324890267E-002
   3.59375000000000       1.440409542435409E-002 -2.918498495645083E-002
   3.62500000000000       1.460022012863065E-002 -2.886287393376807E-002
   3.65625000000000       1.477125499810029E-002 -2.856708555532571E-002
   3.68750000000000       1.492303219024976E-002 -2.831058876251730E-002
   3.71875000000000       1.506645493329940E-002 -2.815450415695571E-002
   3.75000000000000       1.549859679675580E-002 -2.801346594550978E-002
   3.78125000000000       1.591780973028319E-002 -2.764709728722190E-002
   3.81250000000000       1.628326183529874E-002 -2.717240105108976E-002
   3.84375000000000       1.657695071702614E-002 -2.660374158446521E-002
   3.87500000000000       1.676507401496366E-002 -2.593852525062992E-002
   3.90625000000000       1.675882425704000E-002 -2.514776123743095E-002
   3.93750000000000       1.618805055274784E-002 -2.461183946596748E-002
   3.96875000000000       1.589531880087220E-002 -2.453756093475621E-002
   4.00000000000000       1.577460513214468E-002 -2.451260658832707E-002
   4.03125000000000       1.576587491663346E-002 -2.450375472416526E-002
   4.06250000000000       1.584987995990199E-002 -2.449408697029426E-002
   4.09375000000000       1.602606602265231E-002 -2.446759042888526E-002
   4.12500000000000       1.635365398190694E-002 -2.437418907751065E-002
   4.15625000000000       1.655140498214241E-002 -2.404389440427629E-002
   4.18750000000000       1.666839393824419E-002 -2.378813051452732E-002
   4.21875000000000       1.676859353123659E-002 -2.356970901166801E-002
   4.25000000000000       1.686621066887135E-002 -2.338399482980949E-002
   4.28125000000000       1.696992279694184E-002 -2.323454495532046E-002
   4.31250000000000       1.709041687326734E-002 -2.313644255342749E-002
   4.34375000000000       1.729783430156906E-002 -2.317302414763336E-002
   4.37500000000000       1.774088808904651E-002 -2.303850833604026E-002
   4.40625000000000       1.814000809720123E-002 -2.278864291746763E-002
   4.43750000000000       1.851567143770661E-002 -2.247864594021228E-002
   4.46875000000000       1.887204893368108E-002 -2.212237289438030E-002
   4.50000000000000       1.921093056838201E-002 -2.172554959348285E-002
   4.53125000000000       1.953440254655089E-002 -2.128942286806401E-002
   4.56250000000000       1.985110208887706E-002 -2.080556556929508E-002
   4.59375000000000       2.009713915596423E-002 -2.022910728968540E-002
   4.62500000000000       2.026982704098396E-002 -1.966608279778333E-002
   4.65625000000000       2.040287951920426E-002 -1.909997579846326E-002
   4.68750000000000       2.049725724877118E-002 -1.852560523754689E-002
   4.71875000000000       2.054963933998223E-002 -1.794006096781391E-002
   4.75000000000000       2.055201451612741E-002 -1.734007619958023E-002
   4.78125000000000       2.048494115524171E-002 -1.671878176074811E-002
   4.81250000000000       2.022435311464600E-002 -1.609187219726999E-002
   4.84375000000000       1.995208972676895E-002 -1.573271385189795E-002
   4.87500000000000       1.975784825811011E-002 -1.541006499665710E-002
   4.90625000000000       1.959502099383782E-002 -1.510422915498114E-002
   4.93750000000000       1.944835557291422E-002 -1.480913235096321E-002
   4.96875000000000       1.930862939932992E-002 -1.452170736709619E-002
   5.00000000000000       1.916738814974579E-002 -1.424006153969518E-002
   5.03125000000000       1.901166117926675E-002 -1.396275316296515E-002
   5.06250000000000       1.878294281374601E-002 -1.371585238778463E-002
   5.09375000000000       1.861135351444134E-002 -1.360069123412070E-002
   5.12500000000000       1.850111748378440E-002 -1.349105449477536E-002
   5.15625000000000       1.842740087195319E-002 -1.338603690162049E-002
   5.18750000000000       1.838398261564589E-002 -1.328549522374724E-002
   5.21875000000000       1.836963766704989E-002 -1.318965461919023E-002
   5.25000000000000       1.838684142766219E-002 -1.309923129203139E-002
   5.28125000000000       1.844413910957557E-002 -1.301602385226477E-002
   5.31250000000000       1.857390413422271E-002 -1.294651613661923E-002
   5.34375000000000       1.882174077621551E-002 -1.272004251813003E-002
   5.37500000000000       1.895760657431727E-002 -1.241715865324597E-002
   5.40625000000000       1.905103050093758E-002 -1.210462369821595E-002
   5.43750000000000       1.911648814518039E-002 -1.178568952472285E-002
   5.46875000000000       1.915900509230940E-002 -1.146163379327330E-002
   5.50000000000000       1.917976231822707E-002 -1.113294021784853E-002
   5.53125000000000       1.917676726837291E-002 -1.079946005248983E-002
   5.56250000000000       1.914238859955181E-002 -1.045994144728514E-002
   5.59375000000000       1.903946041020507E-002 -1.010719383347562E-002
   5.62500000000000       1.887950749486381E-002 -9.917684166768860E-003
   5.65625000000000       1.881002527368324E-002 -9.757348223168689E-003
   5.68750000000000       1.877755828550229E-002 -9.604288767715508E-003
   5.71875000000000       1.877389563185873E-002 -9.456522357848352E-003
   5.75000000000000       1.879759709316088E-002 -9.313439561338913E-003
   5.78125000000000       1.885102446844937E-002 -9.175114859203810E-003
   5.81250000000000       1.894090876662801E-002 -9.042301065454757E-003
   5.84375000000000       1.908272692480721E-002 -8.917006142551386E-003
   5.87500000000000       1.932505335641181E-002 -8.805911906575111E-003
   5.90625000000000       1.976995325961266E-002 -8.456949673881751E-003
   5.93750000000000       2.000774554870974E-002 -7.945294276932210E-003
   5.96875000000000       2.015531255151298E-002 -7.419624534628900E-003
   6.00000000000000       2.024260194674030E-002 -6.885375387615567E-003
   6.03125000000000       2.028120060420452E-002 -6.345127417401898E-003
   6.06250000000000       2.027660502959169E-002 -5.800515942571500E-003
   6.09375000000000       2.023114796301608E-002 -5.252724144830438E-003
   6.12500000000000       2.014463674549647E-002 -4.702641394893989E-003
   6.15625000000000       2.001311814490851E-002 -4.150799335698921E-003
   6.18750000000000       1.981552631561999E-002 -3.595886989071695E-003
   6.21875000000000       1.956552798568798E-002 -3.139651128141323E-003
   6.25000000000000       1.934493141841104E-002 -2.697888788549077E-003
   6.28125000000000       1.911894538887073E-002 -2.258571784614415E-003
   6.31250000000000       1.887976439639769E-002 -1.820636804956582E-003
   6.34375000000000       1.862246924231180E-002 -1.383554893645665E-003
   6.37500000000000       1.834245486484719E-002 -9.469747235558406E-004
   6.40625000000000       1.803413500286175E-002 -5.105945998933378E-004
   6.43750000000000       1.768922251883097E-002 -7.406649550155888E-005
   6.46875000000000       1.729232216275139E-002  3.631814378845619E-004
   6.50000000000000       1.679806979682641E-002  8.028056910720667E-004
   6.53125000000000       1.615519350374093E-002  1.012462810497355E-003
   6.56250000000000       1.568815897060123E-002  1.119348821436619E-003
   6.59375000000000       1.528071883083805E-002  1.223300874936348E-003
   6.62500000000000       1.490655545443248E-002  1.325442479889895E-003
   6.65625000000000       1.455396276907298E-002  1.426316172235767E-003
   6.68750000000000       1.421583036624744E-002  1.526284582466270E-003
   6.71875000000000       1.388688225573489E-002  1.625648888535555E-003
   6.75000000000000       1.356236943554807E-002  1.724716611868903E-003
   6.78125000000000       1.323687607742782E-002  1.823885167271043E-003
   6.81250000000000       1.290172494437621E-002  1.923860701526846E-003
   6.84375000000000       1.252477869858860E-002  2.027451240276249E-003
   6.87500000000000       1.213689585780906E-002  2.008083449477639E-003
   6.90625000000000       1.181634093024226E-002  1.979402186344013E-003
   6.93750000000000       1.152489383951727E-002  1.947856455238142E-003
   6.96875000000000       1.125467449461742E-002  1.914190754197131E-003
   7.00000000000000       1.100189218976376E-002  1.878769494887589E-003
   7.03125000000000       1.076436151810727E-002  1.841806047750287E-003
   7.06250000000000       1.054078944581387E-002  1.803428425013983E-003
   7.09375000000000       1.033055680089067E-002  1.763697982487966E-003
   7.12500000000000       1.013378800934981E-002  1.722598226177024E-003
   7.15625000000000       9.951933568107937E-003  1.679964576790373E-003
   7.18750000000000       9.791269742282348E-003  1.635061607163275E-003
   7.21875000000000       9.662603143325205E-003  1.623881904386573E-003
   7.25000000000000       9.511796344686832E-003  1.631436459737014E-003
   7.28125000000000       9.355102876009807E-003  1.640085346103228E-003
   7.31250000000000       9.195987609203933E-003  1.649357926169166E-003
   7.34375000000000       9.035562910210744E-003  1.659083346828054E-003
   7.37500000000000       8.874141784792431E-003  1.669193116376448E-003
   7.40625000000000       8.711611667649078E-003  1.679672491770935E-003
   7.43750000000000       8.547528198502142E-003  1.690546735751109E-003
   7.46875000000000       8.381066386694837E-003  1.701883996802133E-003
   7.50000000000000       8.210779274229930E-003  1.713818533399962E-003
   7.53125000000000       8.033762253919528E-003  1.726634281385849E-003
   7.56250000000000       7.840029652198283E-003  1.741331870368415E-003
   7.59375000000000       7.629307163511977E-003  1.711603077116986E-003
   7.62500000000000       7.446500573049935E-003  1.672134968922179E-003
   7.65625000000000       7.273255135406811E-003  1.631687823272976E-003
   7.68750000000000       7.105461285220188E-003  1.590698262598846E-003
   7.71875000000000       6.940636753493435E-003  1.549429377981508E-003
   7.75000000000000       6.776554408805992E-003  1.508114126746210E-003
   7.78125000000000       6.610609051801468E-003  1.467021504460446E-003
   7.81250000000000       6.439098094211153E-003  1.426531364110754E-003
   7.84375000000000       6.255821958734800E-003  1.387280453801385E-003
   7.87500000000000       6.048392362615677E-003  1.350550967053089E-003
   7.90625000000000       5.784776202019939E-003  1.319703601780529E-003
   7.93750000000000       5.319003014146616E-003  1.310394015804829E-003
   7.96875000000000       5.137933588463831E-003 -5.093100496153134E-007
   8.00000000000000       5.569269321858553E-003 -3.131470038841312E-007
   8.03125000000000       5.721338609535308E-003 -2.406854545768447E-007
   8.06250000000000       5.795487226217300E-003 -1.994601457141709E-007
   8.09375000000000       5.832460466153734E-003 -1.720798086551521E-007
   8.12500000000000       5.847798334182833E-003 -1.523038683177164E-007
   8.15625000000000       5.849129568189807E-003 -1.372338480383885E-007
   8.18750000000000       5.840774816746577E-003 -1.253098387094204E-007
   8.21875000000000       5.825419741566278E-003 -1.156068880113026E-007
   8.25000000000000       5.804846745619485E-003 -1.075372138010361E-007
   8.28125000000000       5.780297647479951E-003 -1.007073474541513E-007
   8.31250000000000       5.752670586540400E-003 -9.484289665106604E-008
   8.34375000000000       5.722634619433896E-003 -8.974614237034742E-008
   8.37500000000000       5.690700193189953E-003 -8.527067508553877E-008
   8.40625000000000       5.657264450856347E-003 -8.130559695249611E-008
   8.43750000000000       5.622641465361367E-003 -7.776525593590977E-008
   8.46875000000000       5.587083037863576E-003 -7.458238618670676E-008
   8.50000000000000       5.550793406470314E-003 -7.170337088365170E-008
   8.53125000000000       5.513939873941836E-003 -6.908492359162578E-008
   8.56250000000000       5.476660654934788E-003 -6.669169982048375E-008
   8.59375000000000       5.439070758847882E-003 -6.449454294169807E-008
   8.62500000000000       5.401266488386092E-003 -6.246915493012895E-008
   8.65625000000000       5.363328901882087E-003 -6.059515810623181E-008
   8.68750000000000       5.325326537065612E-003 -5.885529301856348E-008
   8.71875000000000       5.287317560881640E-003 -5.723486101676638E-008
   8.75000000000000       5.249351489073276E-003 -5.572125676713252E-008
   8.78125000000000       5.211470574138876E-003 -5.430361078745415E-008
   8.81250000000000       5.173710936837633E-003 -5.297249354394446E-008
   8.84375000000000       5.136103495719694E-003 -5.171968679255212E-008
   8.87500000000000       5.098674724290579E-003 -5.053799601292060E-008
   8.90625000000000       5.061447296479986E-003 -4.942108897463524E-008
   8.93750000000000       5.024440614001203E-003 -4.836337975430282E-008
   8.96875000000000       4.987671254665524E-003 -4.735990554679989E-008
   9.00000000000000       4.951153352121095E-003 -4.640625770653160E-008
   9.03125000000000       4.914898914468227E-003 -4.549850618570955E-008
   9.06250000000000       4.878918103174973E-003 -4.463312010625630E-008
   9.09375000000000       4.843219462727977E-003 -4.380693150209250E-008
   9.12500000000000       4.807810123987944E-003 -4.301708438500610E-008
   9.15625000000000       4.772695982128371E-003 -4.226100682576883E-008
   9.18750000000000       4.737881842137075E-003 -4.153636063522909E-008
   9.21875000000000       4.703371552486233E-003 -4.084102648705247E-008
   9.25000000000000       4.669168121623223E-003 -4.017307485474053E-008
   9.28125000000000       4.635273813697693E-003 -3.953074377528802E-008
   9.31250000000000       4.601690236175340E-003 -3.891242775229235E-008
   9.34375000000000       4.568418421562795E-003 -3.831665144198059E-008
   9.37500000000000       4.535458886925259E-003 -3.774206494413319E-008
   9.40625000000000       4.502811703113337E-003 -3.718742947787595E-008
   9.43750000000000       4.470476536551258E-003 -3.665159227966207E-008
   9.46875000000000       4.438452703600311E-003 -3.613350016459495E-008
   9.50000000000000       4.406739210173485E-003 -3.563218182129827E-008
   9.53125000000000       4.375334786856714E-003 -3.514673395121790E-008
   9.56250000000000       4.344237923204321E-003 -3.467630987377229E-008
   9.59375000000000       4.313446892663880E-003 -3.422014140888624E-008
   9.62500000000000       4.282959784263851E-003 -3.377750248880103E-008
   9.65625000000000       4.252774523676145E-003 -3.334772632972947E-008
   9.68750000000000       4.222888892125028E-003 -3.293017759929510E-008
   9.71875000000000       4.193300544574242E-003 -3.252427979766510E-008
   9.75000000000000       4.164007029912711E-003 -3.212947598195382E-008
   9.78125000000000       4.135005801830074E-003 -3.174526954545856E-008
   9.81250000000000       4.106294236591130E-003 -3.137116627496811E-008
   9.84375000000000       4.077869637847232E-003 -3.100672301990711E-008
   9.87500000000000       4.049729253557802E-003 -3.065152243332563E-008
   9.90625000000000       4.021870285577004E-003 -3.030516096950335E-008
   9.93750000000000       3.994289895072042E-003 -2.996726847389713E-008
   9.96875000000000       3.966985209293662E-003 -2.963749564372626E-008
   10.0000000000000       3.939953333878266E-003 -2.931551308641062E-008
   11.0000000000000       3.581775758071150E-003  0.000000000000000E+000
   12.0000000000000       3.283294444898555E-003  0.000000000000000E+000
   13.0000000000000       3.030733333752512E-003  0.000000000000000E+000
   14.0000000000000       2.814252381341618E-003  0.000000000000000E+000
   15.0000000000000       2.626635555918844E-003  0.000000000000000E+000
   16.0000000000000       2.462470833673916E-003  0.000000000000000E+000
   17.0000000000000       2.317619608163686E-003  0.000000000000000E+000
   18.0000000000000       2.188862963265703E-003  0.000000000000000E+000
   19.0000000000000       2.073659649409614E-003  0.000000000000000E+000
   20.0000000000000       1.969976666939133E-003  0.000000000000000E+000
   21.0000000000000       1.876168254227746E-003  0.000000000000000E+000
   22.0000000000000       1.790887879035575E-003  0.000000000000000E+000
   23.0000000000000       1.713023188642724E-003  0.000000000000000E+000
   24.0000000000000       1.641647222449277E-003  0.000000000000000E+000
   25.0000000000000       1.575981333551306E-003  0.000000000000000E+000
   26.0000000000000       1.515366666876256E-003  0.000000000000000E+000
   27.0000000000000       1.459241975510469E-003  0.000000000000000E+000
   28.0000000000000       1.407126190670809E-003  0.000000000000000E+000
   29.0000000000000       1.358604597889057E-003  0.000000000000000E+000
   30.0000000000000       1.313317777959422E-003  0.000000000000000E+000
   31.0000000000000       1.270952688347828E-003  0.000000000000000E+000
   32.0000000000000       1.231235416836958E-003  0.000000000000000E+000
   33.0000000000000       1.193925252690384E-003  0.000000000000000E+000
   34.0000000000000       1.158809804081843E-003  0.000000000000000E+000
   35.0000000000000       1.125700952536647E-003  0.000000000000000E+000
   36.0000000000000       1.094431481632852E-003  0.000000000000000E+000
   37.0000000000000       1.064852252399531E-003  0.000000000000000E+000
   38.0000000000000       1.036829824704807E-003  0.000000000000000E+000
   39.0000000000000       1.010244444584171E-003  0.000000000000000E+000
   40.0000000000000       9.849883334695664E-004  0.000000000000000E+000
   41.0000000000000       9.609642277751868E-004  0.000000000000000E+000
   42.0000000000000       9.380841271138728E-004  0.000000000000000E+000
   43.0000000000000       9.162682171809920E-004  0.000000000000000E+000
   44.0000000000000       8.954439395177876E-004  0.000000000000000E+000
   45.0000000000000       8.755451853062812E-004  0.000000000000000E+000
   46.0000000000000       8.565115943213621E-004  0.000000000000000E+000
   47.0000000000000       8.382879433783543E-004  0.000000000000000E+000
   48.0000000000000       8.208236112246386E-004  0.000000000000000E+000
   49.0000000000000       8.040721089547481E-004  0.000000000000000E+000
   50.0000000000000       7.879906667756531E-004  0.000000000000000E+000
   51.0000000000000       7.725398693878952E-004  0.000000000000000E+000
   52.0000000000000       7.576833334381280E-004  0.000000000000000E+000
   53.0000000000000       7.433874214864652E-004  0.000000000000000E+000
   54.0000000000000       7.296209877552343E-004  0.000000000000000E+000
   55.0000000000000       7.163551516142301E-004  0.000000000000000E+000
   56.0000000000000       7.035630953354045E-004  0.000000000000000E+000
   57.0000000000000       6.912198831365378E-004  0.000000000000000E+000
   58.0000000000000       6.793022989445285E-004  0.000000000000000E+000
   59.0000000000000       6.677887006573331E-004  0.000000000000000E+000
   60.0000000000000       6.566588889797109E-004  0.000000000000000E+000
   61.0000000000000       6.458939891603714E-004  0.000000000000000E+000
   62.0000000000000       6.354763441739138E-004  0.000000000000000E+000
   63.0000000000000       6.253894180759152E-004  0.000000000000000E+000
   64.0000000000000       6.156177084184790E-004  0.000000000000000E+000
   65.0000000000000       6.061466667505024E-004  0.000000000000000E+000
   66.0000000000000       5.969626263451918E-004  0.000000000000000E+000
   67.0000000000000       5.880527363997411E-004  0.000000000000000E+000
   68.0000000000000       5.794049020409214E-004  0.000000000000000E+000
   69.0000000000000       5.710077295475747E-004  0.000000000000000E+000
   70.0000000000000       5.628504762683237E-004  0.000000000000000E+000
   71.0000000000000       5.549230047715867E-004  0.000000000000000E+000
   72.0000000000000       5.472157408164258E-004  0.000000000000000E+000
   73.0000000000000       5.397196347778446E-004  0.000000000000000E+000
   74.0000000000000       5.324261261997656E-004  0.000000000000000E+000
   75.0000000000000       5.253271111837687E-004  0.000000000000000E+000
   76.0000000000000       5.184149123524034E-004  0.000000000000000E+000
   77.0000000000000       5.116822511530215E-004  0.000000000000000E+000
   78.0000000000000       5.051222222920853E-004  0.000000000000000E+000
   79.0000000000000       4.987282701111728E-004  0.000000000000000E+000
   80.0000000000000       4.924941667347832E-004  0.000000000000000E+000
   81.0000000000000       4.864139918368229E-004  0.000000000000000E+000
   82.0000000000000       4.804821138875934E-004  0.000000000000000E+000
   83.0000000000000       4.746931727564175E-004  0.000000000000000E+000
   84.0000000000000       4.690420635569364E-004  0.000000000000000E+000
   85.0000000000000       4.635239216327371E-004  0.000000000000000E+000
   86.0000000000000       4.581341085904960E-004  0.000000000000000E+000
   87.0000000000000       4.528681992963524E-004  0.000000000000000E+000
   88.0000000000000       4.477219697588938E-004  0.000000000000000E+000
   89.0000000000000       4.426913858290186E-004  0.000000000000000E+000
   90.0000000000000       4.377725926531406E-004  0.000000000000000E+000
   91.0000000000000       4.329619048217874E-004  0.000000000000000E+000
   92.0000000000000       4.282557971606811E-004  0.000000000000000E+000
   93.0000000000000       4.236508961159425E-004  0.000000000000000E+000
   94.0000000000000       4.191439716891772E-004  0.000000000000000E+000
   95.0000000000000       4.147319298819227E-004  0.000000000000000E+000
   96.0000000000000       4.104118056123193E-004  0.000000000000000E+000
   97.0000000000000       4.061807560699243E-004  0.000000000000000E+000
   98.0000000000000       4.020360544773740E-004  0.000000000000000E+000
   99.0000000000000       3.979750842301278E-004  0.000000000000000E+000
   100.000000000000       3.939953333878265E-004  0.000000000000000E+000
   101.000000000000       3.900943894928976E-004  0.000000000000000E+000
   102.000000000000       3.862699346939476E-004  0.000000000000000E+000
   103.000000000000       3.825197411532297E-004  0.000000000000000E+000
   104.000000000000       3.788416667190640E-004  0.000000000000000E+000
   105.000000000000       3.752336508455491E-004  0.000000000000000E+000
   106.000000000000       3.716937107432326E-004  0.000000000000000E+000
   107.000000000000       3.682199377456323E-004  0.000000000000000E+000
   108.000000000000       3.648104938776172E-004  0.000000000000000E+000
   109.000000000000       3.614636086126849E-004  0.000000000000000E+000
   110.000000000000       3.581775758071150E-004  0.000000000000000E+000
   111.000000000000       3.549507507998437E-004  0.000000000000000E+000
   112.000000000000       3.517815476677023E-004  0.000000000000000E+000
   113.000000000000       3.486684366263952E-004  0.000000000000000E+000
   114.000000000000       3.456099415682689E-004  0.000000000000000E+000
   115.000000000000       3.426046377285448E-004  0.000000000000000E+000
   116.000000000000       3.396511494722643E-004  0.000000000000000E+000
   117.000000000000       3.367481481947235E-004  0.000000000000000E+000
   118.000000000000       3.338943503286666E-004  0.000000000000000E+000
   119.000000000000       3.310885154519551E-004  0.000000000000000E+000
   120.000000000000       3.283294444898554E-004  0.000000000000000E+000
   121.000000000000       3.256159780064682E-004  0.000000000000000E+000
   122.000000000000       3.229469945801857E-004  0.000000000000000E+000
   123.000000000000       3.203214092583955E-004  0.000000000000000E+000
   124.000000000000       3.177381720869569E-004  0.000000000000000E+000
   125.000000000000       3.151962667102613E-004  0.000000000000000E+000
   126.000000000000       3.126947090379576E-004  0.000000000000000E+000
   127.000000000000       3.102325459746666E-004  0.000000000000000E+000
   128.000000000000       3.078088542092395E-004  0.000000000000000E+000
   129.000000000000       3.054227390603306E-004  0.000000000000000E+000
   130.000000000000       3.030733333752512E-004  0.000000000000000E+000
   131.000000000000       3.007597964792569E-004  0.000000000000000E+000
   132.000000000000       2.984813131725959E-004  0.000000000000000E+000
   133.000000000000       2.962370927728019E-004  0.000000000000000E+000
   134.000000000000       2.940263681998706E-004  0.000000000000000E+000
   135.000000000000       2.918483951020937E-004  0.000000000000000E+000
   136.000000000000       2.897024510204607E-004  0.000000000000000E+000
   137.000000000000       2.875878345896544E-004  0.000000000000000E+000
   138.000000000000       2.855038647737873E-004  0.000000000000000E+000
   139.000000000000       2.834498801351270E-004  0.000000000000000E+000
   140.000000000000       2.814252381341618E-004  0.000000000000000E+000
   141.000000000000       2.794293144594515E-004  0.000000000000000E+000
   142.000000000000       2.774615023857933E-004  0.000000000000000E+000
   143.000000000000       2.755212121593193E-004  0.000000000000000E+000
   144.000000000000       2.736078704082129E-004  0.000000000000000E+000
   145.000000000000       2.717209195778114E-004  0.000000000000000E+000
   146.000000000000       2.698598173889223E-004  0.000000000000000E+000
   147.000000000000       2.680240363182494E-004  0.000000000000000E+000
   148.000000000000       2.662130630998828E-004  0.000000000000000E+000
   149.000000000000       2.644263982468634E-004  0.000000000000000E+000
   150.000000000000       2.626635555918844E-004  0.000000000000000E+000
   151.000000000000       2.609240618462428E-004  0.000000000000000E+000
   152.000000000000       2.592074561762017E-004  0.000000000000000E+000
   153.000000000000       2.575132897959651E-004  0.000000000000000E+000
   154.000000000000       2.558411255765108E-004  0.000000000000000E+000
   155.000000000000       2.541905376695655E-004  0.000000000000000E+000
   156.000000000000       2.525611111460427E-004  0.000000000000000E+000
   157.000000000000       2.509524416482972E-004  0.000000000000000E+000
   158.000000000000       2.493641350555864E-004  0.000000000000000E+000
   159.000000000000       2.477958071621551E-004  0.000000000000000E+000
   160.000000000000       2.462470833673916E-004  0.000000000000000E+000
   161.000000000000       2.447175983775320E-004  0.000000000000000E+000
   162.000000000000       2.432069959184114E-004  0.000000000000000E+000
   163.000000000000       2.417149284587893E-004  0.000000000000000E+000
   164.000000000000       2.402410569437967E-004  0.000000000000000E+000
   165.000000000000       2.387850505380767E-004  0.000000000000000E+000
   166.000000000000       2.373465863782088E-004  0.000000000000000E+000
   167.000000000000       2.359253493340279E-004  0.000000000000000E+000
   168.000000000000       2.345210317784682E-004  0.000000000000000E+000
   169.000000000000       2.331333333655779E-004  0.000000000000000E+000
   170.000000000000       2.317619608163686E-004  0.000000000000000E+000
   171.000000000000       2.304066277121793E-004  0.000000000000000E+000
   172.000000000000       2.290670542952480E-004  0.000000000000000E+000
   173.000000000000       2.277429672762003E-004  0.000000000000000E+000
   174.000000000000       2.264340996481762E-004  0.000000000000000E+000
   175.000000000000       2.251401905073295E-004  0.000000000000000E+000
   176.000000000000       2.238609848794469E-004  0.000000000000000E+000
   177.000000000000       2.225962335524444E-004  0.000000000000000E+000
   178.000000000000       2.213456929145093E-004  0.000000000000000E+000
   179.000000000000       2.201091247976685E-004  0.000000000000000E+000
   180.000000000000       2.188862963265703E-004  0.000000000000000E+000
   181.000000000000       2.176769797722799E-004  0.000000000000000E+000
   182.000000000000       2.164809524108937E-004  0.000000000000000E+000
   183.000000000000       2.152979963867905E-004  0.000000000000000E+000
   184.000000000000       2.141278985803405E-004  0.000000000000000E+000
   185.000000000000       2.129704504799062E-004  0.000000000000000E+000
   186.000000000000       2.118254480579713E-004  0.000000000000000E+000
   187.000000000000       2.106926916512442E-004  0.000000000000000E+000
   188.000000000000       2.095719858445886E-004  0.000000000000000E+000
   189.000000000000       2.084631393586384E-004  0.000000000000000E+000
   190.000000000000       2.073659649409614E-004  0.000000000000000E+000
   191.000000000000       2.062802792606422E-004  0.000000000000000E+000
   192.000000000000       2.052059028061597E-004  0.000000000000000E+000
   193.000000000000       2.041426597864386E-004  0.000000000000000E+000
   194.000000000000       2.030903780349621E-004  0.000000000000000E+000
   195.000000000000       2.020488889168341E-004  0.000000000000000E+000
   196.000000000000       2.010180272386870E-004  0.000000000000000E+000
   197.000000000000       1.999976311613333E-004  0.000000000000000E+000
   198.000000000000       1.989875421150639E-004  0.000000000000000E+000
   199.000000000000       1.979876047175008E-004  0.000000000000000E+000
   200.000000000000       1.969976666939133E-004  0.000000000000000E+000
   201.000000000000       1.960175787999137E-004  0.000000000000000E+000
   202.000000000000       1.950471947464488E-004  0.000000000000000E+000
   203.000000000000       1.940863711270082E-004  0.000000000000000E+000
   204.000000000000       1.931349673469738E-004  0.000000000000000E+000
   205.000000000000       1.921928455550373E-004  0.000000000000000E+000
   206.000000000000       1.912598705766148E-004  0.000000000000000E+000
   207.000000000000       1.903359098491916E-004  0.000000000000000E+000
   208.000000000000       1.894208333595320E-004  0.000000000000000E+000
   209.000000000000       1.885145135826921E-004  0.000000000000000E+000
   210.000000000000       1.876168254227746E-004  0.000000000000000E+000
   211.000000000000       1.867276461553680E-004  0.000000000000000E+000
   212.000000000000       1.858468553716163E-004  0.000000000000000E+000
   213.000000000000       1.849743349238622E-004  0.000000000000000E+000
   214.000000000000       1.841099688728162E-004  0.000000000000000E+000
   215.000000000000       1.832536434361984E-004  0.000000000000000E+000
   216.000000000000       1.824052469388086E-004  0.000000000000000E+000
   217.000000000000       1.815646697639754E-004  0.000000000000000E+000
   218.000000000000       1.807318043063424E-004  0.000000000000000E+000
   219.000000000000       1.799065449259482E-004  0.000000000000000E+000
   220.000000000000       1.790887879035575E-004  0.000000000000000E+000
   221.000000000000       1.782784313972066E-004  0.000000000000000E+000
   222.000000000000       1.774753753999219E-004  0.000000000000000E+000
   223.000000000000       1.766795216985769E-004  0.000000000000000E+000
   224.000000000000       1.758907738338511E-004  0.000000000000000E+000
   225.000000000000       1.751090370612563E-004  0.000000000000000E+000
   226.000000000000       1.743342183131976E-004  0.000000000000000E+000
   227.000000000000       1.735662261620381E-004  0.000000000000000E+000
   228.000000000000       1.728049707841345E-004  0.000000000000000E+000
   229.000000000000       1.720503639248151E-004  0.000000000000000E+000
   230.000000000000       1.713023188642724E-004  0.000000000000000E+000
   231.000000000000       1.705607503843405E-004  0.000000000000000E+000
   232.000000000000       1.698255747361321E-004  0.000000000000000E+000
   233.000000000000       1.690967096085092E-004  0.000000000000000E+000
   234.000000000000       1.683740740973618E-004  0.000000000000000E+000
   235.000000000000       1.676575886756709E-004  0.000000000000000E+000
   236.000000000000       1.669471751643333E-004  0.000000000000000E+000
   237.000000000000       1.662427567037243E-004  0.000000000000000E+000
   238.000000000000       1.655442577259775E-004  0.000000000000000E+000
   239.000000000000       1.648516039279609E-004  0.000000000000000E+000
   240.000000000000       1.641647222449277E-004  0.000000000000000E+000
   241.000000000000       1.634835408248243E-004  0.000000000000000E+000
   242.000000000000       1.628079890032341E-004  0.000000000000000E+000
   243.000000000000       1.621379972789410E-004  0.000000000000000E+000
   244.000000000000       1.614734972900928E-004  0.000000000000000E+000
   245.000000000000       1.608144217909496E-004  0.000000000000000E+000
   246.000000000000       1.601607046291978E-004  0.000000000000000E+000
   247.000000000000       1.595122807238164E-004  0.000000000000000E+000
   248.000000000000       1.588690860434785E-004  0.000000000000000E+000
   249.000000000000       1.582310575854725E-004  0.000000000000000E+000
   250.000000000000       1.575981333551306E-004  0.000000000000000E+000
   251.000000000000       1.569702523457476E-004  0.000000000000000E+000
   252.000000000000       1.563473545189788E-004  0.000000000000000E+000
   253.000000000000       1.557293807857022E-004  0.000000000000000E+000
   254.000000000000       1.551162729873333E-004  0.000000000000000E+000
   255.000000000000       1.545079738775790E-004  0.000000000000000E+000
   256.000000000000       1.539044271046197E-004  0.000000000000000E+000
   257.000000000000       1.533055771937068E-004  0.000000000000000E+000
   258.000000000000       1.527113695301653E-004  0.000000000000000E+000
   259.000000000000       1.521217503427902E-004  0.000000000000000E+000
   260.000000000000       1.515366666876256E-004  0.000000000000000E+000
   261.000000000000       1.509560664321175E-004  0.000000000000000E+000
   262.000000000000       1.503798982396284E-004  0.000000000000000E+000
   263.000000000000       1.498081115543067E-004  0.000000000000000E+000
   264.000000000000       1.492406565862979E-004  0.000000000000000E+000
   265.000000000000       1.486774842972931E-004  0.000000000000000E+000
   266.000000000000       1.481185463864009E-004  0.000000000000000E+000
   267.000000000000       1.475637952763395E-004  0.000000000000000E+000
   268.000000000000       1.470131840999353E-004  0.000000000000000E+000
   269.000000000000       1.464666666869244E-004  0.000000000000000E+000
   270.000000000000       1.459241975510469E-004  0.000000000000000E+000
   271.000000000000       1.453857318774268E-004  0.000000000000000E+000
   272.000000000000       1.448512255102303E-004  0.000000000000000E+000
   273.000000000000       1.443206349405958E-004  0.000000000000000E+000
   274.000000000000       1.437939172948272E-004  0.000000000000000E+000
   275.000000000000       1.432710303228460E-004  0.000000000000000E+000
   276.000000000000       1.427519323868937E-004  0.000000000000000E+000
   277.000000000000       1.422365824504789E-004  0.000000000000000E+000
   278.000000000000       1.417249400675635E-004  0.000000000000000E+000
   279.000000000000       1.412169653719808E-004  0.000000000000000E+000
   280.000000000000       1.407126190670809E-004  0.000000000000000E+000
   281.000000000000       1.402118624155966E-004  0.000000000000000E+000
   282.000000000000       1.397146572297257E-004  0.000000000000000E+000
   283.000000000000       1.392209658614228E-004  0.000000000000000E+000
   284.000000000000       1.387307511928967E-004  0.000000000000000E+000
   285.000000000000       1.382439766273076E-004  0.000000000000000E+000
   286.000000000000       1.377606060796596E-004  0.000000000000000E+000
   287.000000000000       1.372806039678838E-004  0.000000000000000E+000
   288.000000000000       1.368039352041064E-004  0.000000000000000E+000
   289.000000000000       1.363305651860992E-004  0.000000000000000E+000
   290.000000000000       1.358604597889057E-004  0.000000000000000E+000
   291.000000000000       1.353935853566414E-004  0.000000000000000E+000
   292.000000000000       1.349299086944611E-004  0.000000000000000E+000
   293.000000000000       1.344693970606917E-004  0.000000000000000E+000
   294.000000000000       1.340120181591247E-004  0.000000000000000E+000
   295.000000000000       1.335577401314666E-004  0.000000000000000E+000
   296.000000000000       1.331065315499414E-004  0.000000000000000E+000
   297.000000000000       1.326583614100426E-004  0.000000000000000E+000
   298.000000000000       1.322131991234317E-004  0.000000000000000E+000
   299.000000000000       1.317710145109788E-004  0.000000000000000E+000
   300.000000000000       1.313317777959422E-004  0.000000000000000E+000
   301.000000000000       1.308954595972846E-004  0.000000000000000E+000
   302.000000000000       1.304620309231214E-004  0.000000000000000E+000
   303.000000000000       1.300314631642992E-004  0.000000000000000E+000
   304.000000000000       1.296037280881008E-004  0.000000000000000E+000
   305.000000000000       1.291787978320743E-004  0.000000000000000E+000
   306.000000000000       1.287566448979825E-004  0.000000000000000E+000
   307.000000000000       1.283372421458718E-004  0.000000000000000E+000
   308.000000000000       1.279205627882554E-004  0.000000000000000E+000
   309.000000000000       1.275065803844099E-004  0.000000000000000E+000
   310.000000000000       1.270952688347828E-004  0.000000000000000E+000
