  0.000000000000000E+000  -2.09085580441324      -4.392261427717240E-018
  7.812500000000000E-003  -2.09459038651038      -6.328354437149425E-003
  1.562500000000000E-002  -2.09128250090780      -8.592156722509441E-003
  2.343750000000000E-002  -2.09396685771695      -1.317361150782047E-002
  3.125000000000000E-002  -2.09510113729176      -1.751837793040393E-002
  3.906250000000000E-002  -2.09710779162868      -2.248989571799745E-002
  4.687500000000000E-002  -2.10093194583517      -2.717330135610016E-002
  5.468750000000000E-002  -2.10357300250797      -3.516348037905851E-002
  6.250000000000000E-002  -2.10519131635605      -4.131117368602622E-002
  7.031250000000000E-002  -2.10763982741862      -4.782461070252225E-002
  7.812500000000000E-002  -2.10996664101892      -5.861899665606029E-002
  8.593750000000000E-002  -2.10022276818472      -6.068498142270711E-002
  9.375000000000000E-002  -2.10608143849459      -5.750845446444590E-002
  0.101562500000000       -2.11347968746975      -5.801239091780140E-002
  0.109375000000000       -2.13162555010834      -6.552815418755749E-002
  0.117187500000000       -2.12952365035946      -8.035092808315335E-002
  0.125000000000000       -2.13431100948500      -8.940678948579063E-002
  0.132812500000000       -2.13037504355410      -8.616491939178884E-002
  0.140625000000000       -2.15199686234627      -7.940959369613049E-002
  0.148437500000000       -2.17660343615530      -0.101791864022314     
  0.156250000000000       -2.19079387833531      -0.128111424463522     
  0.164062500000000       -2.18984068094491      -0.155316759548314     
  0.171875000000000       -2.19187190738683      -0.177632697844291     
  0.179687500000000       -2.17979030259408      -0.207850269739451     
  0.187500000000000       -2.16668277662235      -0.219154251723442     
  0.195312500000000       -2.15307033326589      -0.237980673300649     
  0.203125000000000       -2.12761256098491      -0.223296233939146     
  0.210937500000000       -2.13455085809832      -0.206523357804015     
  0.218750000000000       -2.16009180176994      -0.206568794386426     
  0.226562500000000       -2.17902464044000      -0.222921119475435     
  0.234375000000000       -2.19166872349730      -0.252095382860282     
  0.242187500000000       -2.18376863936376      -0.270863831530712     
  0.250000000000000       -2.19074837622898      -0.286143891425337     
  0.257812500000000       -2.20795873258966      -0.325240811683924     
  0.265625000000000       -2.16554587711888      -0.363650401989899     
  0.273437500000000       -2.13517458612760      -0.373045231272244     
  0.281250000000000       -2.09712557745222      -0.379068957026852     
  0.289062500000000       -2.07714597935377      -0.344949792044471     
  0.296875000000000       -2.07932974404507      -0.323003017796479     
  0.304687500000000       -2.08981130412408      -0.305273709000310     
  0.312500000000000       -2.10925400791267      -0.299502748046943     
  0.320312500000000       -2.12583762916467      -0.298105717669350     
  0.328125000000000       -2.14525166409212      -0.296548507826808     
  0.335937500000000       -2.17692438254277      -0.306349950772239     
  0.343750000000000       -2.20096307266269      -0.328805064541430     
  0.351562500000000       -2.22046312704378      -0.361757135793373     
  0.359375000000000       -2.20757003779407      -0.408369232367350     
  0.367187500000000       -2.19091974785064      -0.413504206722381     
  0.375000000000000       -2.18860266561283      -0.414150901017465     
  0.382812500000000       -2.19679701852101      -0.411626735011377     
  0.390625000000000       -2.22620471619167      -0.424328493598249     
  0.398437500000000       -2.24489161719998      -0.454727661700592     
  0.406250000000000       -2.25530245878970      -0.496318316550719     
  0.414062500000000       -2.23701451047594      -0.558369577831113     
  0.421875000000000       -2.18936755503765      -0.556694846748262     
  0.429687500000000       -2.17536514413344      -0.548971113500423     
  0.437500000000000       -2.17247609401563      -0.542304108256230     
  0.445312500000000       -2.17961733384558      -0.534526766777707     
  0.453125000000000       -2.19600247072376      -0.539332305221242     
  0.460937500000000       -2.21154703528820      -0.548623475298881     
  0.468750000000000       -2.22903252575652      -0.561954434192250     
  0.476562500000000       -2.24929823982551      -0.582206980490295     
  0.484375000000000       -2.26330464520830      -0.609516937323326     
  0.492187500000000       -2.27770282213569      -0.638479192870407     
  0.500000000000000       -2.29235041958504      -0.674654306821808     
  0.507812500000000       -2.30359268395117      -0.724974099519597     
  0.515625000000000       -2.28006573771875      -0.783565791982058     
  0.523437500000000       -2.25346894897578      -0.816433956503214     
  0.531250000000000       -2.22823586044562      -0.845116846631290     
  0.539062500000000       -2.19931946129572      -0.871872545183282     
  0.546875000000000       -2.15372126023391      -0.892722039947503     
  0.554687500000000       -2.12283286584606      -0.876452309119473     
  0.562500000000000       -2.11061913467714      -0.864504626074702     
  0.570312500000000       -2.10833057921571      -0.855571981952917     
  0.578125000000000       -2.11521559791608      -0.850807559434417     
  0.585937500000000       -2.13004302741622      -0.859666789011938     
  0.593750000000000       -2.13537040138209      -0.873118130414973     
  0.601562500000000       -2.14224334843134      -0.886294133769115     
  0.609375000000000       -2.15175213432573      -0.901822728875255     
  0.617187500000000       -2.16480502554852      -0.922082708739618     
  0.625000000000000       -2.18052580543349      -0.957778942899528     
  0.632812500000000       -2.17678209065900      -0.997145264458760     
  0.640625000000000       -2.16858319559675       -1.03259980893449     
  0.648437500000000       -2.15629611767822       -1.06653474138684     
  0.656250000000000       -2.13892234995968       -1.09818532667677     
  0.664062500000000       -2.11423501295107       -1.12204563499468     
  0.671875000000000       -2.10437611063254       -1.13488802291015     
  0.679687500000000       -2.09771839991542       -1.15702079593626     
  0.687500000000000       -2.08993834410654       -1.18354697169414     
  0.695312500000000       -2.07952807782669       -1.21332178721820     
  0.703125000000000       -2.06486288188870       -1.24508631145633     
  0.710937500000000       -2.04610254992441       -1.27431363005359     
  0.718750000000000       -2.02775150077028       -1.30462386619649     
  0.726562500000000       -2.00580798837467       -1.33683629807542     
  0.734375000000000       -1.97855234105621       -1.36987635854992     
  0.742187500000000       -1.94373381877852       -1.40219763153600     
  0.750000000000000       -1.89612266216959       -1.42994467414784     
  0.757812500000000       -1.84535269269327       -1.42177228670080     
  0.765625000000000       -1.82516750133251       -1.41698254610546     
  0.773437500000000       -1.81072410075600       -1.42108617657301     
  0.781250000000000       -1.79793704826820       -1.43171774351915     
  0.789062500000000       -1.78457005696428       -1.44781681718639     
  0.796875000000000       -1.76864023754786       -1.46838912214492     
  0.804687500000000       -1.74906304897986       -1.49024192635007     
  0.812500000000000       -1.72900557246134       -1.51477880184459     
  0.820312500000000       -1.70550670883053       -1.54378708344878     
  0.828125000000000       -1.67597570579408       -1.57731375700318     
  0.835937500000000       -1.63660265047917       -1.61505690342533     
  0.843750000000000       -1.58030050898315       -1.65501260443434     
  0.851562500000000       -1.48606211275921       -1.67862902976065     
  0.859375000000000       -1.41601956136103       -1.65133340572981     
  0.867187500000000       -1.36381514378117       -1.62722736272344     
  0.875000000000000       -1.31817433093004       -1.60346260145915     
  0.882812500000000       -1.27579606025710       -1.57816271931988     
  0.890625000000000       -1.23515323073843       -1.54883522979318     
  0.898437500000000       -1.19555934706848       -1.51055155526206     
  0.906250000000000       -1.17549616770817       -1.44501401446396     
  0.914062500000000       -1.19015048130745       -1.40416051777754     
  0.921875000000000       -1.20644469829871       -1.37978078417829     
  0.929687500000000       -1.22382369629077       -1.36564045872124     
  0.937500000000000       -1.24268929587948       -1.35996445674954     
  0.945312500000000       -1.26426538359774       -1.36290251388807     
  0.953125000000000       -1.29194070880995       -1.37762913903020     
  0.960937500000000       -1.32239075713054       -1.43618099872738     
  0.968750000000000       -1.29801123077561       -1.49865351994001     
  0.976562500000000       -1.25837512981431       -1.54878547088554     
  0.984375000000000       -1.20552993334657       -1.59108116504263     
  0.992187500000000       -1.13875010802392       -1.62432680700896     
   1.00000000000000       -1.05672250990139       -1.64408126814690     
   1.00781250000000      -0.958463801804303       -1.64111001719312     
   1.01562500000000      -0.843981416357004       -1.58912475354563     
   1.02343750000000      -0.817345868870315       -1.49051841586614     
   1.03125000000000      -0.809177804289350       -1.43676031511678     
   1.03906250000000      -0.803314705497685       -1.39667211413044     
   1.04687500000000      -0.798453197865863       -1.36427320543509     
   1.05468750000000      -0.794226430311037       -1.33698248924692     
   1.06250000000000      -0.790680864695298       -1.31352801573312     
   1.07031250000000      -0.788319245569875       -1.29356394880307     
   1.07812500000000      -0.788740929778353       -1.28112588824823     
   1.08593750000000      -0.778193820919491       -1.27403860028043     
   1.09375000000000      -0.763944764299401       -1.26403263932136     
   1.10156250000000      -0.747258491997053       -1.25198960062576     
   1.10937500000000      -0.728530454288312       -1.23750120051175     
   1.11718750000000      -0.708072481198646       -1.21971575420211     
   1.12500000000000      -0.686342693643076       -1.19725603671905     
   1.13281250000000      -0.664285546238442       -1.16767566135223     
   1.14062500000000      -0.644840111831779       -1.12305188627062     
   1.14843750000000      -0.658275715087756       -1.08066809771510     
   1.15625000000000      -0.669799555931052       -1.05442847522194     
   1.16406250000000      -0.679979673257424       -1.03346822944086     
   1.17187500000000      -0.689322659173376       -1.01572779299017     
   1.17968750000000      -0.698164424355179       -1.00029295777967     
   1.18750000000000      -0.706790503486003      -0.986702312061707     
   1.19531250000000      -0.715492975486649      -0.974766269779760     
   1.20312500000000      -0.724667036728911      -0.964590897525103     
   1.21093750000000      -0.734363714794215      -0.957962527040514     
   1.21875000000000      -0.741365469220910      -0.953281148222062     
   1.22656250000000      -0.747466185572307      -0.949270948870009     
   1.23437500000000      -0.753090140178069      -0.946150116828327     
   1.24218750000000      -0.758464346174702      -0.944113877555119     
   1.25000000000000      -0.763767059466368      -0.943448293834085     
   1.25781250000000      -0.769175025210695      -0.944630228076707     
   1.26562500000000      -0.774910850815908      -0.948566135634289     
   1.27343750000000      -0.781372129845622      -0.957530794977016     
   1.28125000000000      -0.780219586951735      -0.981932393307002     
   1.28906250000000      -0.760725195372162      -0.996819324843315     
   1.29687500000000      -0.738933556542546       -1.00459028870223     
   1.30468750000000      -0.715220579065376       -1.00746682333480     
   1.31250000000000      -0.689904849728629       -1.00577239668503     
   1.32031250000000      -0.663395778972983      -0.999285022873606     
   1.32812500000000      -0.636281526092973      -0.987471138223181     
   1.33593750000000      -0.609451282371091      -0.969490477730448     
   1.34375000000000      -0.584376138521503      -0.943921498804450     
   1.35156250000000      -0.564696382697889      -0.906233146675205     
   1.35937500000000      -0.570994175446124      -0.872517655630223     
   1.36718750000000      -0.574321410850922      -0.851338936684368     
   1.37500000000000      -0.576173063911016      -0.833176108082186     
   1.38281250000000      -0.577278054505841      -0.816507391863691     
   1.39062500000000      -0.577997345641962      -0.800673833301749     
   1.39843750000000      -0.578567095542616      -0.785325322553630     
   1.40625000000000      -0.579171435715038      -0.770264930789637     
   1.41406250000000      -0.579976340395083      -0.755396574284561     
   1.42187500000000      -0.581159659666557      -0.740728936157645     
   1.42968750000000      -0.583039497934195      -0.726603387216154     
   1.43750000000000      -0.583994245895431      -0.713511403846924     
   1.44531250000000      -0.584687899080144      -0.699723644403272     
   1.45312500000000      -0.585535007349097      -0.685483431037238     
   1.46093750000000      -0.586695369079690      -0.670801823047115     
   1.46875000000000      -0.588302971781926      -0.655664254375921     
   1.47656250000000      -0.590492863608467      -0.640043880700504     
   1.48437500000000      -0.593419155593769      -0.623898055849478     
   1.49218750000000      -0.597282635336698      -0.607151448640242     
   1.50000000000000      -0.602400881432896      -0.589643437972773     
   1.50781250000000      -0.609518447264721      -0.570877150205358     
   1.51562500000000      -0.623460552388128      -0.553079482047825     
   1.52343750000000      -0.636505081086358      -0.541726507707218     
   1.53125000000000      -0.648087293415876      -0.531724867433808     
   1.53906250000000      -0.658915551411480      -0.522462974414748     
   1.54687500000000      -0.669295147585937      -0.513692972424775     
   1.55468750000000      -0.679415507730023      -0.505273239291386     
   1.56250000000000      -0.689423100130541      -0.497104893326208     
   1.57031250000000      -0.699456102753847      -0.489104198140246     
   1.57812500000000      -0.709676860995000      -0.481180692121643     
   1.58593750000000      -0.720336735646170      -0.473198195127612     
   1.59375000000000      -0.732056538546955      -0.464807243724413     
   1.60156250000000      -0.748023631619941      -0.458449296515262     
   1.60937500000000      -0.761867440829250      -0.456541873699136     
   1.61718750000000      -0.774094922966587      -0.455586764935212     
   1.62500000000000      -0.785259251533279      -0.455285043519706     
   1.63281250000000      -0.795584120492581      -0.455544813621817     
   1.64062500000000      -0.805180536402912      -0.456349267217134     
   1.64843750000000      -0.814096565174480      -0.457731027476998     
   1.65625000000000      -0.822328357800212      -0.459773915651866     
   1.66406250000000      -0.829808864247348      -0.462636709469568     
   1.67187500000000      -0.836359728896739      -0.466622999642327     
   1.67968750000000      -0.841508566866493      -0.472427345404473     
   1.68750000000000      -0.841474808203053      -0.483110501159652     
   1.69531250000000      -0.832997975792277      -0.483864853564922     
   1.70312500000000      -0.827693640959162      -0.480367989015216     
   1.71093750000000      -0.823939619940909      -0.474803776995866     
   1.71875000000000      -0.821389766211500      -0.467742793879689     
   1.72656250000000      -0.819924610150690      -0.459465749033824     
   1.73437500000000      -0.819513420357922      -0.450143563217556     
   1.74218750000000      -0.820174195898099      -0.439893174858609     
   1.75000000000000      -0.821961433784406      -0.428799532893148     
   1.75781250000000      -0.824968788921553      -0.416923385059106     
   1.76562500000000      -0.829351946381990      -0.404297388353302     
   1.77343750000000      -0.835417243478155      -0.390893193454417     
   1.78125000000000      -0.844563896255028      -0.376243167966295     
   1.78906250000000      -0.856547979722608      -0.366303533610362     
   1.79687500000000      -0.867112816783501      -0.357076994885045     
   1.80468750000000      -0.877591867606208      -0.347929091116069     
   1.81250000000000      -0.888323409043746      -0.338720766982876     
   1.82031250000000      -0.899506206333255      -0.329385759664262     
   1.82812500000000      -0.911298205298700      -0.319881815117799     
   1.83593750000000      -0.923852366218641      -0.310173898860772     
   1.84375000000000      -0.937340602072993      -0.300224270842286     
   1.85156250000000      -0.951982341856629      -0.289982003297216     
   1.85937500000000      -0.968096720549212      -0.279364764051442     
   1.86718750000000      -0.986234178218088      -0.268212852826585     
   1.87500000000000       -1.00769046322718      -0.256105649941888     
   1.88281250000000       -1.04015487700052      -0.246493673044787     
   1.89062500000000       -1.06852206454327      -0.250525759278927     
   1.89843750000000       -1.09224406950617      -0.255515129531870     
   1.90625000000000       -1.11378408191911      -0.260847853838181     
   1.91406250000000       -1.13403519729023      -0.266375270821707     
   1.92187500000000       -1.15349722019198      -0.272051950840560     
   1.92968750000000       -1.17251744331350      -0.277875112182038     
   1.93750000000000       -1.19138076578049      -0.283869181635186     
   1.94531250000000       -1.21035950218405      -0.290084994552312     
   1.95312500000000       -1.22975643584060      -0.296609190554277     
   1.96093750000000       -1.24996502725110      -0.303589666306993     
   1.96875000000000       -1.27159522855372      -0.311303054443615     
   1.97656250000000       -1.29586342384722      -0.320389439694446     
   1.98437500000000       -1.32806595353559      -0.334628565791956     
   1.99218750000000       -1.34868937394986      -0.365592922924037     
   2.00000000000000       -1.36142729920975      -0.393065933408280     
   2.00781250000000       -1.36981158604684      -0.419467020034774     
   2.01562500000000       -1.37426840431805      -0.445074193488672     
   2.02343750000000       -1.37464468559533      -0.469711538004871     
   2.03125000000000       -1.37049725029681      -0.492793817205728     
   2.03906250000000       -1.36124633046258      -0.513172250555663     
   2.04687500000000       -1.34643222828654      -0.528860245281360     
   2.05468750000000       -1.32628821438897      -0.536714185381134     
   2.06250000000000       -1.30289793582972      -0.532363889315755     
   2.07031250000000       -1.28200109877884      -0.511182650880732     
   2.07812500000000       -1.27444636129300      -0.471453318543145     
   2.08593750000000       -1.29482384222608      -0.419308960927703     
   2.09375000000000       -1.36668969302626      -0.373192183917980     
   2.10156250000000       -1.43373674744041      -0.403303030050320     
   2.10937500000000       -1.47147064840068      -0.433571324061786     
   2.11718750000000       -1.49868652034842      -0.462095806969417     
   2.12500000000000       -1.52049116671665      -0.488943636315771     
   2.13281250000000       -1.53927665826245      -0.514703295953494     
   2.14062500000000       -1.55620590365525      -0.540009533921252     
   2.14843750000000       -1.57183495517195      -0.565377980488184     
   2.15625000000000       -1.58642877190524      -0.591206424593476     
   2.16406250000000       -1.60011065700146      -0.617830034011761     
   2.17187500000000       -1.61292315799721      -0.645585465306625     
   2.17968750000000       -1.62484060300236      -0.674883535909322     
   2.18750000000000       -1.63574157640354      -0.706322153376733     
   2.19531250000000       -1.64530065017735      -0.740947662641195     
   2.20312500000000       -1.65250722943879      -0.781243954635230     
   2.21093750000000       -1.64257908343713      -0.831808129121342     
   2.21875000000000       -1.62270477864044      -0.861500258913725     
   2.22656250000000       -1.60665348518551      -0.885105766846715     
   2.23437500000000       -1.59246264541858      -0.905657832005166     
   2.24218750000000       -1.57946289328783      -0.924165335996103     
   2.25000000000000       -1.56731620761190      -0.941130729375877     
   2.25781250000000       -1.55582328493168      -0.956847482995563     
   2.26562500000000       -1.54485728499259      -0.971500921279982     
   2.27343750000000       -1.53433523275727      -0.985211246945527     
   2.28125000000000       -1.52420437557737      -0.998053849802364     
   2.28906250000000       -1.51443605021907       -1.01006829191627     
   2.29687500000000       -1.50502476351134       -1.02125942461335     
   2.30468750000000       -1.49599332768239       -1.03158923403613     
   2.31250000000000       -1.48741047903876       -1.04094918645410     
   2.32031250000000       -1.47945176910958       -1.04906382909716     
   2.32812500000000       -1.47287070066647       -1.05473059470846     
   2.33593750000000       -1.47209174045997       -1.06253532414256     
   2.34375000000000       -1.47005987983020       -1.07307973119560     
   2.35156250000000       -1.46754519807889       -1.08443419442661     
   2.35937500000000       -1.46473790148506       -1.09631289648768     
   2.36718750000000       -1.46171693296651       -1.10861068765571     
   2.37500000000000       -1.45852030013597       -1.12129026029755     
   2.38281250000000       -1.45516546236162       -1.13435060834270     
   2.39062500000000       -1.45165702265570       -1.14781628293021     
   2.39843750000000       -1.44798961781168       -1.16173493868223     
   2.40625000000000       -1.44414822801259       -1.17618005052334     
   2.41406250000000       -1.44010629107528       -1.19125905143811     
   2.42187500000000       -1.43582076945144       -1.20713009784254     
   2.42968750000000       -1.43122117850810       -1.22403670586711     
   2.43750000000000       -1.42618303983598       -1.24238847106590     
   2.44531250000000       -1.42044627042388       -1.26300194914022     
   2.45312500000000       -1.41314276776116       -1.28844483725217     
   2.46093750000000       -1.39103313852241       -1.31554356473083     
   2.46875000000000       -1.36800299704884       -1.33188787001035     
   2.47656250000000       -1.34578758457027       -1.34470866145808     
   2.48437500000000       -1.32398808124772       -1.35506235496085     
   2.49218750000000       -1.30246296298181       -1.36334419552213     
   2.50000000000000       -1.28116128237669       -1.36972602615139     
   2.53125000000000       -1.19859582572051       -1.37659471297246     
   2.56250000000000       -1.12529863975597       -1.34769604434362     
   2.59375000000000       -1.11765752322495       -1.25219449646257     
   2.62500000000000       -1.19075738312754       -1.25763157400943     
   2.65625000000000       -1.23975082450400       -1.30487558226186     
   2.68750000000000       -1.27795246943063       -1.38154662626257     
   2.71875000000000       -1.30782836027865       -1.50726922610247     
   2.75000000000000       -1.20197735329748       -1.68538285757817     
   2.78125000000000       -1.05192833969194       -1.75848540147658     
   2.81250000000000      -0.894749357188252       -1.77724949569315     
   2.84375000000000      -0.739209526445871       -1.73422410835921     
   2.87500000000000      -0.633289414465562       -1.58068732312995     
   2.90625000000000      -0.682090968548595       -1.50961189600981     
   2.93750000000000      -0.702501198546689       -1.49103596602888     
   2.96875000000000      -0.712248408754597       -1.49097227235965     
   3.00000000000000      -0.714473072354836       -1.50416830496615     
   3.03125000000000      -0.701055667135602       -1.53687917310437     
   3.06250000000000      -0.661806162532739       -1.55033320661911     
   3.09375000000000      -0.626358700686317       -1.55408164193993     
   3.12500000000000      -0.592622712081042       -1.55266762827518     
   3.15625000000000      -0.560830339740305       -1.54630102878367     
   3.18750000000000      -0.533436320738908       -1.53161255157049     
   3.21875000000000      -0.523473659889337       -1.52399386788864     
   3.25000000000000      -0.509539988794864       -1.52417774368460     
   3.28125000000000      -0.493963668856957       -1.52704520124194     
   3.31250000000000      -0.477104360634382       -1.53216348940377     
   3.34375000000000      -0.458642831693174       -1.54052823081671     
   3.37500000000000      -0.429593759926463       -1.55236852960459     
   3.40625000000000      -0.397211450195051       -1.55307583200753     
   3.43750000000000      -0.366490579259938       -1.54879977568476     
   3.46875000000000      -0.337644453946568       -1.53999097211507     
   3.50000000000000      -0.311785051678362       -1.52561254812180     
   3.53125000000000      -0.293048295608588       -1.50060333721680     
   3.56250000000000      -0.306554027488993       -1.48697469307800     
   3.59375000000000      -0.311457215769350       -1.49453346770966     
   3.62500000000000      -0.311027229621422       -1.50949674494967     
   3.65625000000000      -0.306221070034087       -1.53098939308179     
   3.68750000000000      -0.296484331073000       -1.56043623745051     
   3.71875000000000      -0.277555864580568       -1.60546401244347     
   3.75000000000000      -0.215040042411104       -1.64032570759645     
   3.78125000000000      -0.158725835406245       -1.65035050020720     
   3.81250000000000      -0.105477554997677       -1.65233762766705     
   3.84375000000000      -5.408251845993383E-002  -1.64858225320711     
   3.87500000000000      -4.103430108573657E-003  -1.64005897200109     
   3.90625000000000       4.484783220009503E-002  -1.62744629962320     
   3.93750000000000       9.479310045617896E-002  -1.60933186757969     
   3.96875000000000       0.141361219572911       -1.58396426114494     
   4.00000000000000       0.184164877497700       -1.55329076430959     
   4.03125000000000       0.222613529747242       -1.51724201730909     
   4.06250000000000       0.255472636050096       -1.47535063770861     
   4.09375000000000       0.280224225806069       -1.42630854940431     
   4.12500000000000       0.285213317686559       -1.36264829489918     
   4.15625000000000       0.260522477175234       -1.33782378193810     
   4.18750000000000       0.251712249224366       -1.32557149241743     
   4.21875000000000       0.249038543891246       -1.31814565612904     
   4.25000000000000       0.250612029785704       -1.31410763472853     
   4.28125000000000       0.255913889195618       -1.31314841131611     
   4.31250000000000       0.265447046044943       -1.31586944551696     
   4.34375000000000       0.286204687334355       -1.32606647798997     
   4.37500000000000       0.319353900396467       -1.31774532080183     
   4.40625000000000       0.346835760138808       -1.30322838003743     
   4.43750000000000       0.371713408107852       -1.28563787704223     
   4.46875000000000       0.394582923451394       -1.26570617706142     
   4.50000000000000       0.415564261346026       -1.24370280215185     
   4.53125000000000       0.434504986395465       -1.21964536479800     
   4.56250000000000       0.450666766246715       -1.19301482569047     
   4.59375000000000       0.460671635902039       -1.16753209540300     
   4.62500000000000       0.470827144809265       -1.14408263364841     
   4.65625000000000       0.480255703162629       -1.12038969559685     
   4.68750000000000       0.488480238594836       -1.09610260742122     
   4.71875000000000       0.495049372131756       -1.07096929155802     
   4.75000000000000       0.499297039002907       -1.04466008276578     
   4.78125000000000       0.499807474800785       -1.01647383659181     
   4.81250000000000       0.487295432694795      -0.986482984544764     
   4.84375000000000       0.472793407281639      -0.976301666778880     
   4.87500000000000       0.464851023963505      -0.969806286150360     
   4.90625000000000       0.460372240822583      -0.965271784539018     
   4.93750000000000       0.458544667835849      -0.962251065206861     
   4.96875000000000       0.459141520232581      -0.960629376764472     
   5.00000000000000       0.462341433957750      -0.960528229444958     
   5.03125000000000       0.469037493616209      -0.962494590580864     
   5.06250000000000       0.486609044820578      -0.966969882193382     
   5.09375000000000       0.507299276714212      -0.955642169822493     
   5.12500000000000       0.523138411624418      -0.941160910380862     
   5.15625000000000       0.536499126774894      -0.925047911913133     
   5.18750000000000       0.547969681790276      -0.907734359863145     
   5.21875000000000       0.557730314788199      -0.889404359934764     
   5.25000000000000       0.565738264282923      -0.870118947896732     
   5.28125000000000       0.571678998869255      -0.849810519044802     
   5.31250000000000       0.574302120802420      -0.827996077162526     
   5.34375000000000       0.570193316313806      -0.811238035103825     
   5.37500000000000       0.569468952870435      -0.798448967230704     
   5.40625000000000       0.569933641286131      -0.786251128373772     
   5.43750000000000       0.570995074175121      -0.774362923440993     
   5.46875000000000       0.572402172666362      -0.762666397695095     
   5.50000000000000       0.574014430758239      -0.751098094057140     
   5.53125000000000       0.575737526468426      -0.739619196805980     
   5.56250000000000       0.577490711855519      -0.728202940435313     
   5.59375000000000       0.579124773240188      -0.716817996127582     
   5.62500000000000       0.580673000378997      -0.705978808267833     
   5.65625000000000       0.582546727011475      -0.695255166491351     
   5.68750000000000       0.584572411141677      -0.684582873918836     
   5.71875000000000       0.586726086580260      -0.673959236475740     
   5.75000000000000       0.589018716040431      -0.663391253076522     
   5.78125000000000       0.591495302533008      -0.652897097277636     
   5.81250000000000       0.594257035464155      -0.642514414723235     
   5.84375000000000       0.597536130318288      -0.632327061422718     
   5.87500000000000       0.602088190004912      -0.622606117631575     
   5.90625000000000       0.610446034760933      -0.609510809095546     
   5.93750000000000       0.615478138133809      -0.592841863579320     
   5.96875000000000       0.618528179973941      -0.575486828705881     
   6.00000000000000       0.619993269933327      -0.557644030911573     
   6.03125000000000       0.619950491153422      -0.539392946919029     
   6.06250000000000       0.618336029038036      -0.520767296329333     
   6.09375000000000       0.614957365875340      -0.501767551834046     
   6.12500000000000       0.609420661911899      -0.482350022874167     
   6.15625000000000       0.600845196009074      -0.462368357875342     
   6.18750000000000       0.585629235278390      -0.441079268462988     
   6.21875000000000       0.564123137315929      -0.435281175495389     
   6.25000000000000       0.550993126124024      -0.432608495771197     
   6.28125000000000       0.540858032069797      -0.430632492854349     
   6.31250000000000       0.532682827941518      -0.429113663439643     
   6.34375000000000       0.526014023455114      -0.427948461247206     
   6.37500000000000       0.520619793076236      -0.427085365931895     
   6.40625000000000       0.516392270723060      -0.426502272357861     
   6.43750000000000       0.513327031257540      -0.426202128757890     
   6.46875000000000       0.511570532209931      -0.426225142365061     
   6.50000000000000       0.511773784030286      -0.426736547136416     
   6.53125000000000       0.515489183972837      -0.424163078926148     
   6.56250000000000       0.517039795192291      -0.419436356366677     
   6.59375000000000       0.517910478339874      -0.414533126328943     
   6.62500000000000       0.518484430603156      -0.409552033664211     
   6.65625000000000       0.518919389377851      -0.404534476983908     
   6.68750000000000       0.519305075660392      -0.399504204748547     
   6.71875000000000       0.519706450839533      -0.394478252888240     
   6.75000000000000       0.520184744689000      -0.389472149371482     
   6.78125000000000       0.520818322531589      -0.384504771480184     
   6.81250000000000       0.521751548360449      -0.379609154442047     
   6.84375000000000       0.523584323206159      -0.374917069445035     
   6.87500000000000       0.526009402362565      -0.367877045670495     
   6.90625000000000       0.527193221319301      -0.360503738932628     
   6.93750000000000       0.527838715094785      -0.353017175332696     
   6.96875000000000       0.528072503786265      -0.345450725853874     
   7.00000000000000       0.527939847875651      -0.337819537170892     
   7.03125000000000       0.527449775500151      -0.330131091432730     
   7.06250000000000       0.526584639683118      -0.322387935443169     
   7.09375000000000       0.525296425601091      -0.314587824248528     
   7.12500000000000       0.523487542291591      -0.306721457851576     
   7.15625000000000       0.520947221796441      -0.298763930910244     
   7.18750000000000       0.517006660959534      -0.290626222958314     
   7.21875000000000       0.510494971121833      -0.285800319390820     
   7.25000000000000       0.506693710126580      -0.282909033050689     
   7.28125000000000       0.504000216290148      -0.280185770580084     
   7.31250000000000       0.502035411340223      -0.277572728391303     
   7.34375000000000       0.500653384816392      -0.275046857316848     
   7.37500000000000       0.499787993232516      -0.272596990635579     
   7.40625000000000       0.499414520675905      -0.270218056394255     
   7.43750000000000       0.499537849974641      -0.267909220693172     
   7.46875000000000       0.500192320487484      -0.265673724752616     
   7.50000000000000       0.501454000353182      -0.263520438767043     
   7.53125000000000       0.503487088873803      -0.261470028361442     
   7.56250000000000       0.506858235318066      -0.259597318839561     
   7.59375000000000       0.511688210721194      -0.255309551706851     
   7.62500000000000       0.515423008802714      -0.250466759079932     
   7.65625000000000       0.519117469130519      -0.245599311223273     
   7.68750000000000       0.523065144098292      -0.240745031881760     
   7.71875000000000       0.527498827706776      -0.235931049959316     
   7.75000000000000       0.532684185556549      -0.231185979205752     
   7.78125000000000       0.538986828881210      -0.226547480467180     
   7.81250000000000       0.546976802251602      -0.222073141634978     
   7.84375000000000       0.557653776779327      -0.217863531054588     
   7.87500000000000       0.573054227202882      -0.214124568223137     
   7.90625000000000       0.598467524421894      -0.211397457347172     
   7.93750000000000       0.657902872147314      -0.212189831945393     
   7.96875000000000       0.672628828545516       1.342195616080340E-018
   8.00000000000000       0.586990137164800      -6.836773908913967E-018
   8.03125000000000       0.546691534759958      -5.633209412057431E-019
   8.06250000000000       0.519189398011973       7.206707856304236E-018
   8.09375000000000       0.497923481502497       2.823846797131741E-018
   8.12500000000000       0.480395570146618      -2.288180625676473E-018
   8.15625000000000       0.465378550445083       9.391744598198609E-018
   8.18750000000000       0.452175548304494       1.584323741913352E-018
   8.21875000000000       0.440351295872321       2.382514506483292E-018
   8.25000000000000       0.429614897230873      -6.023538979262859E-020
   8.28125000000000       0.419761829795859      -2.897863044782938E-018
   8.31250000000000       0.410642505948450       5.849649516868390E-018
   8.34375000000000       0.402143998530818       2.385567171443420E-018
   8.37500000000000       0.394178814226335       7.777592878459601E-018
   8.40625000000000       0.386677679519560      -9.473460326599347E-018
   8.43750000000000       0.379584728994703       5.711096290368602E-018
   8.46875000000000       0.372854193299163      -4.009041741827078E-018
   8.50000000000000       0.366448057191093      -3.942316646355544E-018
   8.53125000000000       0.360334364482268      -1.750218786409895E-018
   8.56250000000000       0.354485965893422      -3.157050068966924E-018
   8.59375000000000       0.348879577349562      -5.564859524025327E-019
   8.62500000000000       0.343495060345985       4.482677252553542E-019
   8.65625000000000       0.338314864010290       4.010222319602186E-018
   8.68750000000000       0.333323587043870       7.968255897551156E-019
   8.71875000000000       0.328507629680402      -3.171133086922873E-018
   8.75000000000000       0.323854914200372      -8.216665901838215E-020
   8.78125000000000       0.319354658391860      -1.553256339984400E-018
   8.81250000000000       0.314997190200638       2.567480587901172E-018
   8.84375000000000       0.310773794923297       5.618677080830652E-020
   8.87500000000000       0.306676588166665      -2.043166930826257E-019
   8.90625000000000       0.302698409618723      -1.458628472822624E-018
   8.93750000000000       0.298832733515919       3.881149303467009E-018
   8.96875000000000       0.295073592828798      -5.180409270601481E-019
   9.00000000000000       0.291415514613979      -7.408746066356069E-019
   9.03125000000000       0.287853464655631      -3.322769722185228E-018
   9.06250000000000       0.284382799809118       2.663837852810609E-018
   9.09375000000000       0.280999226767560       1.469083569583549E-018
   9.12500000000000       0.277698766228976      -2.599163612375317E-018
   9.15625000000000       0.274477721672908       3.318845399621532E-019
   9.18750000000000       0.271332651978473       9.739549206383592E-020
   9.21875000000000       0.268260347367239      -8.767155666679585E-019
   9.25000000000000       0.265257808200040      -1.989503709417760E-018
   9.28125000000000       0.262322226165119      -1.748821508624941E-018
   9.31250000000000       0.259450967621659      -3.923455075556945E-018
   9.34375000000000       0.256641558742896       1.543246159857908E-018
   9.37500000000000       0.253891672238725       9.982766398301599E-019
   9.40625000000000       0.251199115498909       2.333521463726637E-019
   9.43750000000000       0.248561819901258      -1.623428222465151E-018
   9.46875000000000       0.245977831224163       4.490171860026049E-019
   9.50000000000000       0.243445300968590      -3.684825386528273E-018
   9.53125000000000       0.240962478532978       4.991440083252228E-019
   9.56250000000000       0.238527704118573      -7.302102019956690E-019
   9.59375000000000       0.236139402239619       4.558165449008326E-018
   9.62500000000000       0.233796075896736       2.382826491735748E-018
   9.65625000000000       0.231496301195863      -3.773128346481465E-018
   9.68750000000000       0.229238722469848      -6.095362513588207E-019
   9.71875000000000       0.227022047781585      -1.391270023212932E-018
   9.75000000000000       0.224845044852045      -1.847712330675623E-018
   9.78125000000000       0.222706537257087       2.256736601005357E-019
   9.81250000000000       0.220605400990518       1.297948515054276E-018
   9.84375000000000       0.218540561237080       1.978080091415907E-018
   9.87500000000000       0.216510989448775      -2.118391084870083E-018
   9.90625000000000       0.214515700635612      -2.112701764514926E-018
   9.93750000000000       0.212553750810726       2.928184405131171E-018
   9.96875000000000       0.210624234673826       3.861049370951024E-018
   10.0000000000000       0.208726283453722       2.927023705286508E-018
   11.0000000000000       0.189751166776111       0.000000000000000E+000
   12.0000000000000       0.173938569544768       0.000000000000000E+000
   13.0000000000000       0.160558679579786       0.000000000000000E+000
   14.0000000000000       0.149090202466944       0.000000000000000E+000
   15.0000000000000       0.139150855635815       0.000000000000000E+000
   16.0000000000000       0.130453927158576       0.000000000000000E+000
   17.0000000000000       0.122780166737484       0.000000000000000E+000
   18.0000000000000       0.115959046363179       0.000000000000000E+000
   19.0000000000000       0.109855938659854       0.000000000000000E+000
   20.0000000000000       0.104363141726861       0.000000000000000E+000
   21.0000000000000       9.939346831129618E-002  0.000000000000000E+000
   22.0000000000000       9.487558338805545E-002  0.000000000000000E+000
   23.0000000000000       9.075055802335738E-002  0.000000000000000E+000
   24.0000000000000       8.696928477238415E-002  0.000000000000000E+000
   25.0000000000000       8.349051338148879E-002  0.000000000000000E+000
   26.0000000000000       8.027933978989307E-002  0.000000000000000E+000
   27.0000000000000       7.730603090878592E-002  0.000000000000000E+000
   28.0000000000000       7.454510123347213E-002  0.000000000000000E+000
   29.0000000000000       7.197458050128344E-002  0.000000000000000E+000
   30.0000000000000       6.957542781790732E-002  0.000000000000000E+000
   31.0000000000000       6.733105917861999E-002  0.000000000000000E+000
   32.0000000000000       6.522696357928812E-002  0.000000000000000E+000
   33.0000000000000       6.325038892537030E-002  0.000000000000000E+000
   34.0000000000000       6.139008336874176E-002  0.000000000000000E+000
   35.0000000000000       5.963608098677771E-002  0.000000000000000E+000
   36.0000000000000       5.797952318158944E-002  0.000000000000000E+000
   37.0000000000000       5.641250904154648E-002  0.000000000000000E+000
   38.0000000000000       5.492796932992684E-002  0.000000000000000E+000
   39.0000000000000       5.351955985992871E-002  0.000000000000000E+000
   40.0000000000000       5.218157086343049E-002  0.000000000000000E+000
   41.0000000000000       5.090884962285902E-002  0.000000000000000E+000
   42.0000000000000       4.969673415564809E-002  0.000000000000000E+000
   43.0000000000000       4.854099615202837E-002  0.000000000000000E+000
   44.0000000000000       4.743779169402772E-002  0.000000000000000E+000
   45.0000000000000       4.638361854527155E-002  0.000000000000000E+000
   46.0000000000000       4.537527901167869E-002  0.000000000000000E+000
   47.0000000000000       4.440984754334510E-002  0.000000000000000E+000
   48.0000000000000       4.348464238619208E-002  0.000000000000000E+000
   49.0000000000000       4.259720070484122E-002  0.000000000000000E+000
   50.0000000000000       4.174525669074439E-002  0.000000000000000E+000
   51.0000000000000       4.092672224582784E-002  0.000000000000000E+000
   52.0000000000000       4.013966989494654E-002  0.000000000000000E+000
   53.0000000000000       3.938231763277773E-002  0.000000000000000E+000
   54.0000000000000       3.865301545439296E-002  0.000000000000000E+000
   55.0000000000000       3.795023335522218E-002  0.000000000000000E+000
   56.0000000000000       3.727255061673607E-002  0.000000000000000E+000
   57.0000000000000       3.661864621995122E-002  0.000000000000000E+000
   58.0000000000000       3.598729025064172E-002  0.000000000000000E+000
   59.0000000000000       3.537733617859695E-002  0.000000000000000E+000
   60.0000000000000       3.478771390895366E-002  0.000000000000000E+000
   61.0000000000000       3.421742351700360E-002  0.000000000000000E+000
   62.0000000000000       3.366552958931000E-002  0.000000000000000E+000
   63.0000000000000       3.313115610376539E-002  0.000000000000000E+000
   64.0000000000000       3.261348178964406E-002  0.000000000000000E+000
   65.0000000000000       3.211173591595723E-002  0.000000000000000E+000
   66.0000000000000       3.162519446268515E-002  0.000000000000000E+000
   67.0000000000000       3.115317663488388E-002  0.000000000000000E+000
   68.0000000000000       3.069504168437088E-002  0.000000000000000E+000
   69.0000000000000       3.025018600778579E-002  0.000000000000000E+000
   70.0000000000000       2.981804049338885E-002  0.000000000000000E+000
   71.0000000000000       2.939806809207352E-002  0.000000000000000E+000
   72.0000000000000       2.898976159079472E-002  0.000000000000000E+000
   73.0000000000000       2.859264156900301E-002  0.000000000000000E+000
   74.0000000000000       2.820625452077324E-002  0.000000000000000E+000
   75.0000000000000       2.783017112716293E-002  0.000000000000000E+000
   76.0000000000000       2.746398466496342E-002  0.000000000000000E+000
   77.0000000000000       2.710730953944441E-002  0.000000000000000E+000
   78.0000000000000       2.675977992996436E-002  0.000000000000000E+000
   79.0000000000000       2.642104853844582E-002  0.000000000000000E+000
   80.0000000000000       2.609078543171525E-002  0.000000000000000E+000
   81.0000000000000       2.576867696959530E-002  0.000000000000000E+000
   82.0000000000000       2.545442481142951E-002  0.000000000000000E+000
   83.0000000000000       2.514774499442433E-002  0.000000000000000E+000
   84.0000000000000       2.484836707782405E-002  0.000000000000000E+000
   85.0000000000000       2.455603334749670E-002  0.000000000000000E+000
   86.0000000000000       2.427049807601418E-002  0.000000000000000E+000
   87.0000000000000       2.399152683376115E-002  0.000000000000000E+000
   88.0000000000000       2.371889584701386E-002  0.000000000000000E+000
   89.0000000000000       2.345239139929460E-002  0.000000000000000E+000
   90.0000000000000       2.319180927263578E-002  0.000000000000000E+000
   91.0000000000000       2.293695422568373E-002  0.000000000000000E+000
   92.0000000000000       2.268763950583935E-002  0.000000000000000E+000
   93.0000000000000       2.244368639287333E-002  0.000000000000000E+000
   94.0000000000000       2.220492377167255E-002  0.000000000000000E+000
   95.0000000000000       2.197118773197073E-002  0.000000000000000E+000
   96.0000000000000       2.174232119309604E-002  0.000000000000000E+000
   97.0000000000000       2.151817355193010E-002  0.000000000000000E+000
   98.0000000000000       2.129860035242061E-002  0.000000000000000E+000
   99.0000000000000       2.108346297512343E-002  0.000000000000000E+000
   100.000000000000       2.087262834537220E-002  0.000000000000000E+000
   101.000000000000       2.066596865878435E-002  0.000000000000000E+000
   102.000000000000       2.046336112291392E-002  0.000000000000000E+000
   103.000000000000       2.026468771395359E-002  0.000000000000000E+000
   104.000000000000       2.006983494747327E-002  0.000000000000000E+000
   105.000000000000       1.987869366225924E-002  0.000000000000000E+000
   106.000000000000       1.969115881638887E-002  0.000000000000000E+000
   107.000000000000       1.950712929474037E-002  0.000000000000000E+000
   108.000000000000       1.932650772719648E-002  0.000000000000000E+000
   109.000000000000       1.914920031685523E-002  0.000000000000000E+000
   110.000000000000       1.897511667761109E-002  0.000000000000000E+000
   111.000000000000       1.880416968051549E-002  0.000000000000000E+000
   112.000000000000       1.863627530836803E-002  0.000000000000000E+000
   113.000000000000       1.847135251802849E-002  0.000000000000000E+000
   114.000000000000       1.830932310997561E-002  0.000000000000000E+000
   115.000000000000       1.815011160467148E-002  0.000000000000000E+000
   116.000000000000       1.799364512532086E-002  0.000000000000000E+000
   117.000000000000       1.783985328664290E-002  0.000000000000000E+000
   118.000000000000       1.768866808929847E-002  0.000000000000000E+000
   119.000000000000       1.754002381964050E-002  0.000000000000000E+000
   120.000000000000       1.739385695447683E-002  0.000000000000000E+000
   121.000000000000       1.725010607055553E-002  0.000000000000000E+000
   122.000000000000       1.710871175850180E-002  0.000000000000000E+000
   123.000000000000       1.696961654095300E-002  0.000000000000000E+000
   124.000000000000       1.683276479465500E-002  0.000000000000000E+000
   125.000000000000       1.669810267629776E-002  0.000000000000000E+000
   126.000000000000       1.656557805188270E-002  0.000000000000000E+000
   127.000000000000       1.643514042942693E-002  0.000000000000000E+000
   128.000000000000       1.630674089482203E-002  0.000000000000000E+000
   129.000000000000       1.618033205067612E-002  0.000000000000000E+000
   130.000000000000       1.605586795797861E-002  0.000000000000000E+000
   131.000000000000       1.593330408043679E-002  0.000000000000000E+000
   132.000000000000       1.581259723134257E-002  0.000000000000000E+000
   133.000000000000       1.569370552283624E-002  0.000000000000000E+000
   134.000000000000       1.557658831744194E-002  0.000000000000000E+000
   135.000000000000       1.546120618175718E-002  0.000000000000000E+000
   136.000000000000       1.534752084218544E-002  0.000000000000000E+000
   137.000000000000       1.523549514260744E-002  0.000000000000000E+000
   138.000000000000       1.512509300389290E-002  0.000000000000000E+000
   139.000000000000       1.501627938515985E-002  0.000000000000000E+000
   140.000000000000       1.490902024669443E-002  0.000000000000000E+000
   141.000000000000       1.480328251444837E-002  0.000000000000000E+000
   142.000000000000       1.469903404603676E-002  0.000000000000000E+000
   143.000000000000       1.459624359816238E-002  0.000000000000000E+000
   144.000000000000       1.449488079539736E-002  0.000000000000000E+000
   145.000000000000       1.439491610025669E-002  0.000000000000000E+000
   146.000000000000       1.429632078450150E-002  0.000000000000000E+000
   147.000000000000       1.419906690161374E-002  0.000000000000000E+000
   148.000000000000       1.410312726038662E-002  0.000000000000000E+000
   149.000000000000       1.400847539957866E-002  0.000000000000000E+000
   150.000000000000       1.391508556358147E-002  0.000000000000000E+000
   151.000000000000       1.382293267905444E-002  0.000000000000000E+000
   152.000000000000       1.373199233248171E-002  0.000000000000000E+000
   153.000000000000       1.364224074860928E-002  0.000000000000000E+000
   154.000000000000       1.355365476972221E-002  0.000000000000000E+000
   155.000000000000       1.346621183572400E-002  0.000000000000000E+000
   156.000000000000       1.337988996498218E-002  0.000000000000000E+000
   157.000000000000       1.329466773590586E-002  0.000000000000000E+000
   158.000000000000       1.321052426922291E-002  0.000000000000000E+000
   159.000000000000       1.312743921092591E-002  0.000000000000000E+000
   160.000000000000       1.304539271585762E-002  0.000000000000000E+000
   161.000000000000       1.296436543190820E-002  0.000000000000000E+000
   162.000000000000       1.288433848479765E-002  0.000000000000000E+000
   163.000000000000       1.280529346341853E-002  0.000000000000000E+000
   164.000000000000       1.272721240571476E-002  0.000000000000000E+000
   165.000000000000       1.265007778507406E-002  0.000000000000000E+000
   166.000000000000       1.257387249721217E-002  0.000000000000000E+000
   167.000000000000       1.249857984752826E-002  0.000000000000000E+000
   168.000000000000       1.242418353891202E-002  0.000000000000000E+000
   169.000000000000       1.235066765998355E-002  0.000000000000000E+000
   170.000000000000       1.227801667374835E-002  0.000000000000000E+000
   171.000000000000       1.220621540665041E-002  0.000000000000000E+000
   172.000000000000       1.213524903800709E-002  0.000000000000000E+000
   173.000000000000       1.206510308981052E-002  0.000000000000000E+000
   174.000000000000       1.199576341688057E-002  0.000000000000000E+000
   175.000000000000       1.192721619735554E-002  0.000000000000000E+000
   176.000000000000       1.185944792350693E-002  0.000000000000000E+000
   177.000000000000       1.179244539286565E-002  0.000000000000000E+000
   178.000000000000       1.172619569964730E-002  0.000000000000000E+000
   179.000000000000       1.166068622646491E-002  0.000000000000000E+000
   180.000000000000       1.159590463631789E-002  0.000000000000000E+000
   181.000000000000       1.153183886484652E-002  0.000000000000000E+000
   182.000000000000       1.146847711284187E-002  0.000000000000000E+000
   183.000000000000       1.140580783900120E-002  0.000000000000000E+000
   184.000000000000       1.134381975291967E-002  0.000000000000000E+000
   185.000000000000       1.128250180830930E-002  0.000000000000000E+000
   186.000000000000       1.122184319643667E-002  0.000000000000000E+000
   187.000000000000       1.116183333977123E-002  0.000000000000000E+000
   188.000000000000       1.110246188583628E-002  0.000000000000000E+000
   189.000000000000       1.104371870125513E-002  0.000000000000000E+000
   190.000000000000       1.098559386598537E-002  0.000000000000000E+000
   191.000000000000       1.092807766773413E-002  0.000000000000000E+000
   192.000000000000       1.087116059654802E-002  0.000000000000000E+000
   193.000000000000       1.081483333957109E-002  0.000000000000000E+000
   194.000000000000       1.075908677596505E-002  0.000000000000000E+000
   195.000000000000       1.070391197198574E-002  0.000000000000000E+000
   196.000000000000       1.064930017621031E-002  0.000000000000000E+000
   197.000000000000       1.059524281490975E-002  0.000000000000000E+000
   198.000000000000       1.054173148756172E-002  0.000000000000000E+000
   199.000000000000       1.048875796249859E-002  0.000000000000000E+000
   200.000000000000       1.043631417268610E-002  0.000000000000000E+000
   201.000000000000       1.038439221162796E-002  0.000000000000000E+000
   202.000000000000       1.033298432939218E-002  0.000000000000000E+000
   203.000000000000       1.028208292875478E-002  0.000000000000000E+000
   204.000000000000       1.023168056145696E-002  0.000000000000000E+000
   205.000000000000       1.018176992457180E-002  0.000000000000000E+000
   206.000000000000       1.013234385697680E-002  0.000000000000000E+000
   207.000000000000       1.008339533592860E-002  0.000000000000000E+000
   208.000000000000       1.003491747373663E-002  0.000000000000000E+000
   209.000000000000       9.986903514532151E-003  0.000000000000000E+000
   210.000000000000       9.939346831129618E-003  0.000000000000000E+000
   211.000000000000       9.892240921977345E-003  0.000000000000000E+000
   212.000000000000       9.845579408194433E-003  0.000000000000000E+000
   213.000000000000       9.799356030691172E-003  0.000000000000000E+000
   214.000000000000       9.753564647370186E-003  0.000000000000000E+000
   215.000000000000       9.708199230405673E-003  0.000000000000000E+000
   216.000000000000       9.663253863598240E-003  0.000000000000000E+000
   217.000000000000       9.618722739802856E-003  0.000000000000000E+000
   218.000000000000       9.574600158427614E-003  0.000000000000000E+000
   219.000000000000       9.530880523001004E-003  0.000000000000000E+000
   220.000000000000       9.487558338805544E-003  0.000000000000000E+000
   221.000000000000       9.444628210575654E-003  0.000000000000000E+000
   222.000000000000       9.402084840257747E-003  0.000000000000000E+000
   223.000000000000       9.359923024830581E-003  0.000000000000000E+000
   224.000000000000       9.318137654184017E-003  0.000000000000000E+000
   225.000000000000       9.276723709054311E-003  0.000000000000000E+000
   226.000000000000       9.235676259014246E-003  0.000000000000000E+000
   227.000000000000       9.194990460516387E-003  0.000000000000000E+000
   228.000000000000       9.154661554987805E-003  0.000000000000000E+000
   229.000000000000       9.114684866974759E-003  0.000000000000000E+000
   230.000000000000       9.075055802335738E-003  0.000000000000000E+000
   231.000000000000       9.035769846481471E-003  0.000000000000000E+000
   232.000000000000       8.996822562660430E-003  0.000000000000000E+000
   233.000000000000       8.958209590288497E-003  0.000000000000000E+000
   234.000000000000       8.919926643321452E-003  0.000000000000000E+000
   235.000000000000       8.881969508669020E-003  0.000000000000000E+000
   236.000000000000       8.844334044649236E-003  0.000000000000000E+000
   237.000000000000       8.807016179481941E-003  0.000000000000000E+000
   238.000000000000       8.770011909820252E-003  0.000000000000000E+000
   239.000000000000       8.733317299318911E-003  0.000000000000000E+000
   240.000000000000       8.696928477238415E-003  0.000000000000000E+000
   241.000000000000       8.660841637083899E-003  0.000000000000000E+000
   242.000000000000       8.625053035277767E-003  0.000000000000000E+000
   243.000000000000       8.589558989865102E-003  0.000000000000000E+000
   244.000000000000       8.554355879250901E-003  0.000000000000000E+000
   245.000000000000       8.519440140968244E-003  0.000000000000000E+000
   246.000000000000       8.484808270476502E-003  0.000000000000000E+000
   247.000000000000       8.450456819988744E-003  0.000000000000000E+000
   248.000000000000       8.416382397327499E-003  0.000000000000000E+000
   249.000000000000       8.382581664808111E-003  0.000000000000000E+000
   250.000000000000       8.349051338148878E-003  0.000000000000000E+000
   251.000000000000       8.315788185407250E-003  0.000000000000000E+000
   252.000000000000       8.282789025941348E-003  0.000000000000000E+000
   253.000000000000       8.250050729396125E-003  0.000000000000000E+000
   254.000000000000       8.217570214713463E-003  0.000000000000000E+000
   255.000000000000       8.185344449165568E-003  0.000000000000000E+000
   256.000000000000       8.153370447411015E-003  0.000000000000000E+000
   257.000000000000       8.121645270572839E-003  0.000000000000000E+000
   258.000000000000       8.090166025338061E-003  0.000000000000000E+000
   259.000000000000       8.058929863078068E-003  0.000000000000000E+000
   260.000000000000       8.027933978989307E-003  0.000000000000000E+000
   261.000000000000       7.997175611253715E-003  0.000000000000000E+000
   262.000000000000       7.966652040218396E-003  0.000000000000000E+000
   263.000000000000       7.936360587593991E-003  0.000000000000000E+000
   264.000000000000       7.906298615671287E-003  0.000000000000000E+000
   265.000000000000       7.876463526555546E-003  0.000000000000000E+000
   266.000000000000       7.846852761418119E-003  0.000000000000000E+000
   267.000000000000       7.817463799764867E-003  0.000000000000000E+000
   268.000000000000       7.788294158720969E-003  0.000000000000000E+000
   269.000000000000       7.759341392331672E-003  0.000000000000000E+000
   270.000000000000       7.730603090878592E-003  0.000000000000000E+000
   271.000000000000       7.702076880211143E-003  0.000000000000000E+000
   272.000000000000       7.673760421092720E-003  0.000000000000000E+000
   273.000000000000       7.645651408561245E-003  0.000000000000000E+000
   274.000000000000       7.617747571303722E-003  0.000000000000000E+000
   275.000000000000       7.590046671044436E-003  0.000000000000000E+000
   276.000000000000       7.562546501946449E-003  0.000000000000000E+000
   277.000000000000       7.535244890026064E-003  0.000000000000000E+000
   278.000000000000       7.508139692579927E-003  0.000000000000000E+000
   279.000000000000       7.481228797624443E-003  0.000000000000000E+000
   280.000000000000       7.454510123347214E-003  0.000000000000000E+000
   281.000000000000       7.427981617570177E-003  0.000000000000000E+000
   282.000000000000       7.401641257224183E-003  0.000000000000000E+000
   283.000000000000       7.375487047834699E-003  0.000000000000000E+000
   284.000000000000       7.349517023018380E-003  0.000000000000000E+000
   285.000000000000       7.323729243990245E-003  0.000000000000000E+000
   286.000000000000       7.298121799081188E-003  0.000000000000000E+000
   287.000000000000       7.272692803265574E-003  0.000000000000000E+000
   288.000000000000       7.247440397698680E-003  0.000000000000000E+000
   289.000000000000       7.222362749263736E-003  0.000000000000000E+000
   290.000000000000       7.197458050128344E-003  0.000000000000000E+000
   291.000000000000       7.172724517310033E-003  0.000000000000000E+000
   292.000000000000       7.148160392250752E-003  0.000000000000000E+000
   293.000000000000       7.123763940400068E-003  0.000000000000000E+000
   294.000000000000       7.099533450806870E-003  0.000000000000000E+000
   295.000000000000       7.075467235719389E-003  0.000000000000000E+000
   296.000000000000       7.051563630193310E-003  0.000000000000000E+000
   297.000000000000       7.027820991707810E-003  0.000000000000000E+000
   298.000000000000       7.004237699789328E-003  0.000000000000000E+000
   299.000000000000       6.980812155642876E-003  0.000000000000000E+000
   300.000000000000       6.957542781790733E-003  0.000000000000000E+000
   301.000000000000       6.934428021718338E-003  0.000000000000000E+000
   302.000000000000       6.911466339527218E-003  0.000000000000000E+000
   303.000000000000       6.888656219594784E-003  0.000000000000000E+000
   304.000000000000       6.865996166240854E-003  0.000000000000000E+000
   305.000000000000       6.843484703400720E-003  0.000000000000000E+000
   306.000000000000       6.821120374304639E-003  0.000000000000000E+000
   307.000000000000       6.798901741163582E-003  0.000000000000000E+000
   308.000000000000       6.776827384861103E-003  0.000000000000000E+000
   309.000000000000       6.754895904651196E-003  0.000000000000000E+000
   310.000000000000       6.733105917861999E-003  0.000000000000000E+000
