  0.000000000000000E+000 -0.604804683342409      -4.736584846536550E-018
  7.812500000000000E-003 -0.608195873054740      -5.048594635954795E-003
  1.562500000000000E-002 -0.603903367959590      -5.506548962272997E-003
  2.343750000000000E-002 -0.605716988169080      -7.877564307496195E-003
  3.125000000000000E-002 -0.605989813814405      -1.088841550709881E-002
  3.906250000000000E-002 -0.605560079700517      -1.392421862812230E-002
  4.687500000000000E-002 -0.606452873858788      -1.516339619548853E-002
  5.468750000000000E-002 -0.608287876453305      -1.842833006764428E-002
  6.250000000000000E-002 -0.609930221827866      -2.273390869269206E-002
  7.031250000000000E-002 -0.610821656231695      -2.841761543926101E-002
  7.812500000000000E-002 -0.610894409754100      -3.745002498003717E-002
  8.593750000000000E-002 -0.597154870917670      -4.032943968788865E-002
  9.375000000000000E-002 -0.594056127552602      -3.542331925460351E-002
  0.101562500000000      -0.594570545889764      -2.908078411684388E-002
  0.109375000000000      -0.602953664771047      -2.478211192725079E-002
  0.117187500000000      -0.607618155763040      -2.983442146972994E-002
  0.125000000000000      -0.613021043383762      -3.281084295957189E-002
  0.132812500000000      -0.614667211851708      -3.647863330842201E-002
  0.140625000000000      -0.619493347083281      -3.822056179863108E-002
  0.148437500000000      -0.626162893880015      -4.359554480107927E-002
  0.156250000000000      -0.631757861247045      -5.146771108593876E-002
  0.164062500000000      -0.634278893901310      -6.104509593692606E-002
  0.171875000000000      -0.636974619674753      -7.111669185183608E-002
  0.179687500000000      -0.632776855679771      -8.552135947095946E-002
  0.187500000000000      -0.626207058059854      -9.177674273532120E-002
  0.195312500000000      -0.619629356064656      -9.764683255226624E-002
  0.203125000000000      -0.612872040437530      -9.505163003024679E-002
  0.210937500000000      -0.614689745045476      -9.291228759010471E-002
  0.218750000000000      -0.621481686281943      -9.871991738848328E-002
  0.226562500000000      -0.621925653700569      -0.109634173095677     
  0.234375000000000      -0.616186255123386      -0.123870616423678     
  0.242187500000000      -0.598957908749368      -0.128218262753187     
  0.250000000000000      -0.587091994070405      -0.124521937953241     
  0.257812500000000      -0.581223300818881      -0.119760027462615     
  0.265625000000000      -0.570202184191611      -0.107423267123765     
  0.273437500000000      -0.570808911082378      -9.257558736946155E-002
  0.281250000000000      -0.579091853816209      -7.161747778148160E-002
  0.289062500000000      -0.604219758230116      -7.178005550186319E-002
  0.296875000000000      -0.618038415798867      -7.815919004651631E-002
  0.304687500000000      -0.628891988346361      -8.694971368724158E-002
  0.312500000000000      -0.632151244387150      -9.684755766593373E-002
  0.320312500000000      -0.634742246925280      -0.102586406908572     
  0.328125000000000      -0.637899309511835      -0.106966106770974     
  0.335937500000000      -0.641204562356116      -0.110636144087953     
  0.343750000000000      -0.646508703473599      -0.112799972809798     
  0.351562500000000      -0.655685104397801      -0.115531816093704     
  0.359375000000000      -0.668943223603173      -0.127046022316433     
  0.367187500000000      -0.672310866591005      -0.140917914046439     
  0.375000000000000      -0.674644918870775      -0.153019637078911     
  0.382812500000000      -0.676260558130174      -0.166547367125914     
  0.390625000000000      -0.670051125876914      -0.180544674257753     
  0.398437500000000      -0.663163392094939      -0.188028671755286     
  0.406250000000000      -0.656183066933358      -0.192100337336996     
  0.414062500000000      -0.650238011645233      -0.190055157942367     
  0.421875000000000      -0.654311180860663      -0.188525013655342     
  0.429687500000000      -0.658087100079968      -0.190479038674807     
  0.437500000000000      -0.662294135747631      -0.193292824933169     
  0.445312500000000      -0.667723008403195      -0.196527123537255     
  0.453125000000000      -0.673708845799140      -0.202246636191558     
  0.460937500000000      -0.679491703793551      -0.208533984656798     
  0.468750000000000      -0.685903423773661      -0.215753402586925     
  0.476562500000000      -0.693231421540277      -0.225390217577294     
  0.484375000000000      -0.696713369787135      -0.236179277957357     
  0.492187500000000      -0.701866044465551      -0.245647961376814     
  0.500000000000000      -0.708918547147320      -0.256998660638513     
  0.507812500000000      -0.717393492887247      -0.273466028503397     
  0.515625000000000      -0.716209546258398      -0.297624097319542     
  0.523437500000000      -0.709870422053830      -0.314341448710490     
  0.531250000000000      -0.702989316946939      -0.328835444957760     
  0.539062500000000      -0.694804520072762      -0.342083553435300     
  0.546875000000000      -0.682428680122938      -0.353549469334281     
  0.554687500000000      -0.673325404933291      -0.354810949683767     
  0.562500000000000      -0.669842271582638      -0.357402965059078     
  0.570312500000000      -0.668572104151632      -0.361817027818870     
  0.578125000000000      -0.667919861170623      -0.367888936359674     
  0.585937500000000      -0.667141466673671      -0.374895189800029     
  0.593750000000000      -0.666595108752537      -0.382093809635506     
  0.601562500000000      -0.666573552015209      -0.390034178964839     
  0.609375000000000      -0.666855468644658      -0.399162363691330     
  0.617187500000000      -0.666724121992518      -0.410157068713261     
  0.625000000000000      -0.662586269658276      -0.422134319510924     
  0.632812500000000      -0.659433509460954      -0.430343587858770     
  0.640625000000000      -0.657249918409027      -0.439194324717198     
  0.648437500000000      -0.655220155455332      -0.448427792009833     
  0.656250000000000      -0.653273467201592      -0.457692756698106     
  0.664062500000000      -0.652461438758005      -0.466264178057578     
  0.671875000000000      -0.653172844932587      -0.478539834313843     
  0.679687500000000      -0.652160904302472      -0.491914499164167     
  0.687500000000000      -0.650227186687126      -0.506358604594212     
  0.695312500000000      -0.647052176911062      -0.522011156823230     
  0.703125000000000      -0.641745623456574      -0.538887276536310     
  0.710937500000000      -0.632375181101899      -0.554065689816428     
  0.718750000000000      -0.624887746035678      -0.566903801302122     
  0.726562500000000      -0.617967319579645      -0.580767828718820     
  0.734375000000000      -0.610587860593845      -0.596266143269717     
  0.742187500000000      -0.601189379557647      -0.614158438428611     
  0.750000000000000      -0.585242741196929      -0.634686648854101     
  0.757812500000000      -0.560069011773231      -0.639907480929387     
  0.765625000000000      -0.549063253273216      -0.641980637554049     
  0.773437500000000      -0.541353418482858      -0.647370944898857     
  0.781250000000000      -0.534859878308520      -0.655360056749799     
  0.789062500000000      -0.528697926844141      -0.665630907570372     
  0.796875000000000      -0.522595386957991      -0.677906350752782     
  0.804687500000000      -0.517105057379470      -0.694570446783278     
  0.812500000000000      -0.507178526814918      -0.714660137381861     
  0.820312500000000      -0.493633949610698      -0.736909630636431     
  0.828125000000000      -0.475078948939471      -0.761557277191524     
  0.835937500000000      -0.448754899406823      -0.788164956528378     
  0.843750000000000      -0.409483792478547      -0.814245054678062     
  0.851562500000000      -0.345048268707334      -0.821641919603270     
  0.859375000000000      -0.307984330243645      -0.798135327615590     
  0.867187500000000      -0.282103915418245      -0.780958537041017     
  0.875000000000000      -0.260510828133292      -0.765798402662978     
  0.882812500000000      -0.241546409596261      -0.751187006006837     
  0.890625000000000      -0.224794092033975      -0.736074238750491     
  0.898437500000000      -0.210748773778254      -0.719239956274256     
  0.906250000000000      -0.205586091814524      -0.699945703134687     
  0.914062500000000      -0.205045189290952      -0.690842671853839     
  0.921875000000000      -0.202925475495222      -0.686157412086927     
  0.929687500000000      -0.199387268620913      -0.684276200998593     
  0.937500000000000      -0.194347885145338      -0.684524534150153     
  0.945312500000000      -0.187670608370647      -0.686573769108599     
  0.953125000000000      -0.179216534697984      -0.690606483263041     
  0.960937500000000      -0.165068654900875      -0.699241972963488     
  0.968750000000000      -0.143606066434459      -0.700840130943335     
  0.976562500000000      -0.121730370603915      -0.697934074107807     
  0.984375000000000      -9.948707844375290E-002 -0.691231290200963     
  0.992187500000000      -7.724719355791924E-002 -0.680469944471639     
   1.00000000000000      -5.566951251177411E-002 -0.664956733782338     
   1.00781250000000      -3.593383433797363E-002 -0.643354638583210     
   1.01562500000000      -2.117759806021746E-002 -0.611091092301975     
   1.02343750000000      -3.178610883123897E-002 -0.583287563183051     
   1.03125000000000      -3.979497140539244E-002 -0.568846935951774     
   1.03906250000000      -4.626658911950796E-002 -0.558546742679043     
   1.04687500000000      -5.184641075261842E-002 -0.550814341705333     
   1.05468750000000      -5.691895913598709E-002 -0.545007451036917     
   1.06250000000000      -6.183808320181907E-002 -0.540903072224511     
   1.07031250000000      -6.711683248627953E-002 -0.538724317074860     
   1.07812500000000      -7.358889142388567E-002 -0.541768703154994     
   1.08593750000000      -7.211951115984931E-002 -0.547431430251105     
   1.09375000000000      -6.853077231352495E-002 -0.551349343641529     
   1.10156250000000      -6.331426868303638E-002 -0.554577289857382     
   1.10937500000000      -5.651377960474496E-002 -0.557141351676502     
   1.11718750000000      -4.810835159151798E-002 -0.558777058880521     
   1.12500000000000      -3.811779980393989E-002 -0.558967327144420     
   1.13281250000000      -2.674126580585554E-002 -0.556814631523204     
   1.14062500000000      -1.486122770592555E-002 -0.549957853869138     
   1.14843750000000      -1.029847981887728E-002 -0.542538204158264     
   1.15625000000000      -4.757497029105802E-003 -0.537905513568718     
   1.16406250000000       1.467439003132678E-003 -0.533434497998914     
   1.17187500000000       8.138079525235901E-003 -0.528570520188721     
   1.17968750000000       1.503349670656943E-002 -0.522995606921831     
   1.18750000000000       2.190014074060940E-002 -0.516460231355041     
   1.19531250000000       2.840512211849197E-002 -0.508706661254824     
   1.20312500000000       3.400589201226231E-002 -0.499297454247906     
   1.21093750000000       3.518697007929142E-002 -0.487822518765107     
   1.21875000000000       3.424265251622328E-002 -0.481380262090245     
   1.22656250000000       3.433913269464159E-002 -0.476444385124440     
   1.23437500000000       3.502476617862417E-002 -0.472210515316823     
   1.24218750000000       3.610185955814440E-002 -0.468409491508459     
   1.25000000000000       3.744261603191269E-002 -0.464933325111071     
   1.25781250000000       3.894832651973632E-002 -0.461772210278068     
   1.26562500000000       4.053693101863338E-002 -0.459032812643475     
   1.27343750000000       4.215524977435204E-002 -0.457106764586636     
   1.28125000000000       4.569231325658743E-002 -0.457478582617279     
   1.28906250000000       5.189418615756030E-002 -0.455228232404805     
   1.29687500000000       5.795603522609050E-002 -0.451486538406394     
   1.30468750000000       6.382896337371524E-002 -0.446690000933680     
   1.31250000000000       6.939958514483698E-002 -0.440959342648600     
   1.32031250000000       7.451903003805090E-002 -0.434339864902491     
   1.32812500000000       7.899179351947586E-002 -0.426847454754008     
   1.33593750000000       8.253930104498239E-002 -0.418479954090920     
   1.34375000000000       8.468454841634372E-002 -0.409201683246355     
   1.35156250000000       8.395869961806836E-002 -0.398721344593326     
   1.35937500000000       7.932409655932428E-002 -0.393905443878902     
   1.36718750000000       7.810886651262559E-002 -0.390942906485179     
   1.37500000000000       7.818740549857370E-002 -0.388102064180526     
   1.38281250000000       7.906999225529818E-002 -0.385136205769668     
   1.39062500000000       8.049990127478057E-002 -0.381909166863772     
   1.39843750000000       8.229483594274066E-002 -0.378323912450895     
   1.40625000000000       8.429671869347655E-002 -0.374301317724697     
   1.41406250000000       8.634545353708516E-002 -0.369768916478110     
   1.42187500000000       8.824969902317410E-002 -0.364640194919595     
   1.42968750000000       8.963348426787894E-002 -0.358618295336045     
   1.43750000000000       8.933440259247256E-002 -0.353278710593089     
   1.44531250000000       8.940337393741160E-002 -0.348532692815505     
   1.45312500000000       8.953341459912446E-002 -0.343831438948241     
   1.46093750000000       8.960076171386702E-002 -0.339072977593303     
   1.46875000000000       8.950640246497270E-002 -0.334217071365343     
   1.47656250000000       8.915213510641440E-002 -0.329251804256831     
   1.48437500000000       8.842720866708256E-002 -0.324185419702443     
   1.49218750000000       8.718973552556898E-002 -0.319046251601603     
   1.50000000000000       8.522022922957863E-002 -0.313890023413784     
   1.50781250000000       8.201482561560640E-002 -0.308830085782403     
   1.51562500000000       7.656847626911978E-002 -0.306535521912873     
   1.52343750000000       7.388670427535049E-002 -0.306299624503763     
   1.53125000000000       7.237714625299767E-002 -0.305903061977051     
   1.53906250000000       7.153209914294255E-002 -0.305329541787712     
   1.54687500000000       7.113329309389353E-002 -0.304573000653850     
   1.55468750000000       7.105054147778450E-002 -0.303631718095779     
   1.56250000000000       7.119278767381172E-002 -0.302506661799879     
   1.57031250000000       7.148972352368038E-002 -0.301200673769566     
   1.57812500000000       7.188345645556771E-002 -0.299717175123598     
   1.58593750000000       7.232495218846402E-002 -0.298055507813448     
   1.59375000000000       7.277750923710399E-002 -0.296181426010755     
   1.60156250000000       7.279976638539042E-002 -0.293975520745266     
   1.60937500000000       7.259877582375174E-002 -0.292275192326970     
   1.61718750000000       7.251471408927702E-002 -0.290760053408890     
   1.62500000000000       7.252535339232144E-002 -0.289349336492819     
   1.63281250000000       7.261689276146399E-002 -0.288020604479292     
   1.64062500000000       7.278177427462897E-002 -0.286772648279951     
   1.64843750000000       7.301865570792876E-002 -0.285618134479278     
   1.65625000000000       7.333430211034750E-002 -0.284583911927989     
   1.66406250000000       7.374870344767243E-002 -0.283717214426480     
   1.67187500000000       7.430872221670347E-002 -0.283103811765247     
   1.67968750000000       7.513608866844056E-002 -0.282930979616285     
   1.68750000000000       7.718880046263786E-002 -0.283975029972769     
   1.69531250000000       8.130022134974815E-002 -0.282573823800379     
   1.70312500000000       8.462776253502138E-002 -0.280093437209930     
   1.71093750000000       8.755317427815898E-002 -0.277049102998771     
   1.71875000000000       9.014669797985198E-002 -0.273572067163688     
   1.72656250000000       9.242276939312057E-002 -0.269725340763414     
   1.73437500000000       9.437216706584477E-002 -0.265546413773810     
   1.74218750000000       9.597023177783968E-002 -0.261060480284187     
   1.75000000000000       9.717756721969213E-002 -0.256285617502184     
   1.75781250000000       9.793503645332922E-002 -0.251234454797731     
   1.76562500000000       9.814781996003018E-002 -0.245912551697976     
   1.77343750000000       9.762975144714514E-002 -0.240307422073117     
   1.78125000000000       9.552709717315670E-002 -0.234266716681320     
   1.78906250000000       9.254708043222763E-002 -0.231132057431606     
   1.79687500000000       9.069934627425830E-002 -0.228219584901792     
   1.80468750000000       8.917352960126035E-002 -0.225301627126402     
   1.81250000000000       8.777598885112498E-002 -0.222327417072688     
   1.82031250000000       8.640274304343708E-002 -0.219271677416449     
   1.82812500000000       8.497984763085656E-002 -0.216117443991955     
   1.83593750000000       8.344339614142747E-002 -0.212850232600483     
   1.84375000000000       8.172845514290231E-002 -0.209454602164967     
   1.85156250000000       7.975850763396052E-002 -0.205910472862447     
   1.85937500000000       7.742854482279295E-002 -0.202186588767897     
   1.86718750000000       7.456444718104151E-002 -0.198223698991677     
   1.87500000000000       7.076660167322135E-002 -0.193866087840828     
   1.88281250000000       6.352913586999870E-002 -0.190024776264612     
   1.89062500000000       5.738822745010729E-002 -0.190597330281082     
   1.89843750000000       5.281827695317892E-002 -0.191551035988132     
   1.90625000000000       4.905043834392135E-002 -0.192645006500913     
   1.91406250000000       4.581964909771111E-002 -0.193820250295862     
   1.92187500000000       4.299099463778187E-002 -0.195055914575358     
   1.92968750000000       4.048456040149540E-002 -0.196345333012912     
   1.93750000000000       3.824970749961747E-002 -0.197689185342672     
   1.94531250000000       3.625435055518651E-002 -0.199093447832601     
   1.95312500000000       3.448060226792105E-002 -0.200569584373799     
   1.96093750000000       3.292454748788176E-002 -0.202137028558693     
   1.96875000000000       3.160149511305579E-002 -0.203830794216080     
   1.97656250000000       3.056747826273372E-002 -0.205729350165433     
   1.98437500000000       3.015855380113619E-002 -0.208279588477978     
   1.99218750000000       3.141191330311134E-002 -0.209352480856579     
   2.00000000000000       3.195501899939919E-002 -0.209562520870667     
   2.00781250000000       3.212569758777537E-002 -0.209442010728873     
   2.01562500000000       3.199379701139628E-002 -0.209107642250641     
   2.02343750000000       3.157557196970261E-002 -0.208609564105558     
   2.03125000000000       3.085720047450077E-002 -0.207970314055253     
   2.03906250000000       2.979611828296487E-002 -0.207196386874315     
   2.04687500000000       2.831175219302314E-002 -0.206284009149319     
   2.05468750000000       2.626493279606983E-002 -0.205226065030006     
   2.06250000000000       2.341920713827191E-002 -0.204026627629167     
   2.07031250000000       1.936463802317899E-002 -0.202734912802523     
   2.07812500000000       1.333597076894177E-002 -0.201534574056679     
   2.08593750000000       3.598559126750750E-003 -0.201096139086991     
   2.09375000000000      -1.673135938358335E-002 -0.208296805728987     
   2.10156250000000      -2.009908027228943E-002 -0.232988211176993     
   2.10937500000000      -1.325721069923842E-002 -0.251477172487244     
   2.11718750000000      -1.446791697632887E-003 -0.263881701231912     
   2.12500000000000       1.173283723422637E-002 -0.270354977164619     
   2.13281250000000       2.396036349771346E-002 -0.272251240277498     
   2.14062500000000       3.421923887762676E-002 -0.271200117019624     
   2.14843750000000       4.234291869043095E-002 -0.268531756092382     
   2.15625000000000       4.855860941202960E-002 -0.265146823991442     
   2.16406250000000       5.320838235743471E-002 -0.261593394827812     
   2.17187500000000       5.662047189039968E-002 -0.258184318528320     
   2.17968750000000       5.906413796920519E-002 -0.255094105746693     
   2.18750000000000       6.074013165108589E-002 -0.252428180046085     
   2.19531250000000       6.177796327916211E-002 -0.250278677898439     
   2.20312500000000       6.220276222641449E-002 -0.248816284116876     
   2.21093750000000       6.239331208058916E-002 -0.249244913412750     
   2.21875000000000       6.447160555578446E-002 -0.249774476168748     
   2.22656250000000       6.683810206062177E-002 -0.249837581141297     
   2.23437500000000       6.933112085961921E-002 -0.249662439471637     
   2.24218750000000       7.190268890142040E-002 -0.249319188031729     
   2.25000000000000       7.453406637898595E-002 -0.248838708311015     
   2.25781250000000       7.721880453310252E-002 -0.248235096865117     
   2.26562500000000       7.995693955334476E-002 -0.247512626177239     
   2.27343750000000       8.275243077855239E-002 -0.246668027934752     
   2.28125000000000       8.561174646429648E-002 -0.245690700632442     
   2.28906250000000       8.854279789863288E-002 -0.244561487250611     
   2.29687500000000       9.155375781057497E-002 -0.243249813359781     
   2.30468750000000       9.465126888485752E-002 -0.241707935465476     
   2.31250000000000       9.783707550697315E-002 -0.239858071242787     
   2.32031250000000       0.101099868598389      -0.237553804269357     
   2.32812500000000       0.104373213509558      -0.234296704404359     
   2.33593750000000       0.105715103753806      -0.230750261382181     
   2.34375000000000       0.107011258393172      -0.228085943397533     
   2.35156250000000       0.108323648154341      -0.225656855690078     
   2.35937500000000       0.109645327348043      -0.223344595687148     
   2.36718750000000       0.110972777033754      -0.221092847646585     
   2.37500000000000       0.112303065955497      -0.218867129352300     
   2.38281250000000       0.113633087023033      -0.216643014733212     
   2.39062500000000       0.114959248099903      -0.214401346121071     
   2.39843750000000       0.116277300711295      -0.212125845601199     
   2.40625000000000       0.117582215441976      -0.209801673288306     
   2.41406250000000       0.118868070912129      -0.207414307979007     
   2.42187500000000       0.120127943710025      -0.204948319820440     
   2.42968750000000       0.121353803693715      -0.202385429188486     
   2.43750000000000       0.122536475318376      -0.199700299271941     
   2.44531250000000       0.123666077658827      -0.196847862644963     
   2.45312500000000       0.124738185209004      -0.193689313251927     
   2.46093750000000       0.124976727987985      -0.190108516263503     
   2.46875000000000       0.124850354199369      -0.187138075199098     
   2.47656250000000       0.124670818403711      -0.184415304813395     
   2.48437500000000       0.124452912751786      -0.181853192236277     
   2.49218750000000       0.124202548063965      -0.179411405359027     
   2.50000000000000       0.123922191616490      -0.177066068802636     
   2.53125000000000       0.122496315899412      -0.168393804174930     
   2.56250000000000       0.120443443677712      -0.160577316665280     
   2.59375000000000       0.117015980657736      -0.154284974356901     
   2.62500000000000       0.115237732864488      -0.150060386192004     
   2.65625000000000       0.114174332539622      -0.145582883666050     
   2.68750000000000       0.113291403150220      -0.140931715300658     
   2.71875000000000       0.112313217372831      -0.136013632323488     
   2.75000000000000       0.110256864023120      -0.131314753775897     
   2.78125000000000       0.108420655061576      -0.127647248256309     
   2.81250000000000       0.106842076723241      -0.124336430337768     
   2.84375000000000       0.105444638786270      -0.121338108019682     
   2.87500000000000       0.104374887266418      -0.118940346737109     
   2.90625000000000       0.104327754466081      -0.116017548629775     
   2.93750000000000       0.104074492495335      -0.112638993270314     
   2.96875000000000       0.103642195597230      -0.109057260958628     
   3.00000000000000       0.103005802866523      -0.105345333546462     
   3.03125000000000       0.102129215384141      -0.101507932418020     
   3.06250000000000       0.100880806651577      -9.770811358868063E-002
   3.09375000000000       9.937948493564036E-002 -9.395238954677626E-002
   3.12500000000000       9.753108530467269E-002 -9.021055357066306E-002
   3.15625000000000       9.515351811536930E-002 -8.648035800902536E-002
   3.18750000000000       9.148135832838858E-002 -8.274051761152063E-002
   3.21875000000000       8.741589423717483E-002 -8.222753914950667E-002
   3.25000000000000       8.502805135669220E-002 -8.194112776490935E-002
   3.28125000000000       8.332975890880470E-002 -8.172158164422083E-002
   3.31250000000000       8.219624167533686E-002 -8.157358982961539E-002
   3.34375000000000       8.175271629450565E-002 -8.153171837668713E-002
   3.37500000000000       8.268514765120562E-002 -8.051925284337787E-002
   3.40625000000000       8.269077023274182E-002 -7.837553489422901E-002
   3.43750000000000       8.222850070657302E-002 -7.616060968647125E-002
   3.46875000000000       8.142998792163270E-002 -7.390683399113460E-002
   3.50000000000000       8.026533585148075E-002 -7.162683888646613E-002
   3.53125000000000       7.843907967514441E-002 -6.931649131443211E-002
   3.56250000000000       7.600549382747955E-002 -6.859162430710215E-002
   3.59375000000000       7.459556740594314E-002 -6.821149468832137E-002
   3.62500000000000       7.357190157645324E-002 -6.786236628897042E-002
   3.65625000000000       7.284237876850849E-002 -6.754537622729971E-002
   3.68750000000000       7.242024990504443E-002 -6.727308994854146E-002
   3.71875000000000       7.253137178330535E-002 -6.709580068658079E-002
   3.75000000000000       7.324581611962287E-002 -6.576103486087405E-002
   3.78125000000000       7.325373333617527E-002 -6.410393366769310E-002
   3.81250000000000       7.298192122696029E-002 -6.239062599525247E-002
   3.84375000000000       7.248456987305377E-002 -6.063830271172337E-002
   3.87500000000000       7.174372095174943E-002 -5.885198925360839E-002
   3.90625000000000       7.063217158788528E-002 -5.702273963748974E-002
   3.93750000000000       6.877771783417706E-002 -5.589194895354507E-002
   3.96875000000000       6.755681442086588E-002 -5.536903254583577E-002
   4.00000000000000       6.660779221682681E-002 -5.488277739004819E-002
   4.03125000000000       6.582438949706308E-002 -5.442234943462258E-002
   4.06250000000000       6.517339380618557E-002 -5.398745614133306E-002
   4.09375000000000       6.465618036193048E-002 -5.358504821536075E-002
   4.12500000000000       6.438949869174525E-002 -5.325119453713457E-002
   4.15625000000000       6.428001316836965E-002 -5.247247667198871E-002
   4.18750000000000       6.399928146016921E-002 -5.163388088268777E-002
   4.21875000000000       6.364944079837025E-002 -5.077275444416559E-002
   4.25000000000000       6.324180547094842E-002 -4.989832652956480E-002
   4.28125000000000       6.276806303163832E-002 -4.901529832574639E-002
   4.31250000000000       6.219432115219926E-002 -4.812611430145135E-002
   4.34375000000000       6.130317270407329E-002 -4.728293369388233E-002
   4.37500000000000       6.054392832963791E-002 -4.704351680040551E-002
   4.40625000000000       6.006153915887925E-002 -4.681738072164034E-002
   4.43750000000000       5.973298019062628E-002 -4.659962687945918E-002
   4.46875000000000       5.953921349389700E-002 -4.639112047026431E-002
   4.50000000000000       5.949151539753758E-002 -4.619491153938517E-002
   4.53125000000000       5.963952857933767E-002 -4.601771574375398E-002
   4.56250000000000       6.018671038333231E-002 -4.588196307317957E-002
   4.59375000000000       6.121430374301461E-002 -4.473333607131458E-002
   4.62500000000000       6.153635558065692E-002 -4.328133480121741E-002
   4.65625000000000       6.157429677236319E-002 -4.179755295754761E-002
   4.68750000000000       6.139671317600532E-002 -4.029213060175522E-002
   4.71875000000000       6.101589371949286E-002 -3.876958401686898E-002
   4.75000000000000       6.040940538563798E-002 -3.723173446678047E-002
   4.78125000000000       5.949307214500912E-002 -3.567681075712595E-002
   4.81250000000000       5.775459059526188E-002 -3.435152921600843E-002
   4.84375000000000       5.638078534141774E-002 -3.417527213856505E-002
   4.87500000000000       5.542290100803417E-002 -3.402399376958500E-002
   4.90625000000000       5.466047256084508E-002 -3.388486991121525E-002
   4.93750000000000       5.403033888542767E-002 -3.375485470721695E-002
   4.96875000000000       5.350445349515869E-002 -3.363323477629281E-002
   5.00000000000000       5.307097436627366E-002 -3.352072493563098E-002
   5.03125000000000       5.273314651123440E-002 -3.342023708194505E-002
   5.06250000000000       5.256986412812776E-002 -3.330791276887458E-002
   5.09375000000000       5.241781741574852E-002 -3.301008832812432E-002
   5.12500000000000       5.223699643969908E-002 -3.270051149196090E-002
   5.15625000000000       5.205955015539245E-002 -3.238647823502803E-002
   5.18750000000000       5.189438472348781E-002 -3.207036018702681E-002
   5.21875000000000       5.174646373495102E-002 -3.175353768226574E-002
   5.25000000000000       5.162053784327218E-002 -3.143712994259987E-002
   5.28125000000000       5.152422378622283E-002 -3.112242938692400E-002
   5.31250000000000       5.148065374068100E-002 -3.081217104526067E-002
   5.34375000000000       5.150947269749556E-002 -3.039149047191153E-002
   5.37500000000000       5.146624893519658E-002 -2.992875386229305E-002
   5.40625000000000       5.140136149393139E-002 -2.946290864290165E-002
   5.43750000000000       5.132484603078795E-002 -2.899536892435181E-002
   5.46875000000000       5.124046951097427E-002 -2.852694813954343E-002
   5.50000000000000       5.114944229781035E-002 -2.805827478509372E-002
   5.53125000000000       5.105081084054268E-002 -2.758993751166302E-002
   5.56250000000000       5.093957440958584E-002 -2.712260624596523E-002
   5.59375000000000       5.078853403081724E-002 -2.665743682383393E-002
   5.62500000000000       5.063652319441404E-002 -2.632146465634178E-002
   5.65625000000000       5.057071371798678E-002 -2.599265347377304E-002
   5.68750000000000       5.055057066423182E-002 -2.566434333505951E-002
   5.71875000000000       5.057294708305501E-002 -2.533710339464277E-002
   5.75000000000000       5.064133833502284E-002 -2.501157184750078E-002
   5.78125000000000       5.076461771814535E-002 -2.468860826143147E-002
   5.81250000000000       5.095980846440891E-002 -2.436955498003211E-002
   5.84375000000000       5.126224874671144E-002 -2.405696225886210E-002
   5.87500000000000       5.177899817993488E-002 -2.375826705246693E-002
   5.90625000000000       5.269149447669805E-002 -2.291443820872516E-002
   5.93750000000000       5.313016301244539E-002 -2.175327668580763E-002
   5.96875000000000       5.337226871353760E-002 -2.057570231281470E-002
   6.00000000000000       5.348369489795814E-002 -1.938772675531877E-002
   6.03125000000000       5.348995436646749E-002 -1.819229856116041E-002
   6.06250000000000       5.340302064415757E-002 -1.699134679463169E-002
   6.09375000000000       5.322767122131311E-002 -1.578632554822523E-002
   6.12500000000000       5.296271492633005E-002 -1.457842139779622E-002
   6.15625000000000       5.259774001427998E-002 -1.336860810090099E-002
   6.18750000000000       5.207992758680244E-002 -1.215708068020076E-002
   6.21875000000000       5.146326194736710E-002 -1.118522164868700E-002
   6.25000000000000       5.092202771412042E-002 -1.023311181241929E-002
   6.28125000000000       5.037012118277797E-002 -9.281846615109611E-003
   6.31250000000000       4.978884068582699E-002 -8.331226613068343E-003
   6.34375000000000       4.916645265853174E-002 -7.381312224131170E-003
   6.37500000000000       4.849198723108621E-002 -6.432267966469039E-003
   6.40625000000000       4.775211633874694E-002 -5.484318819448706E-003
   6.43750000000000       4.692699928914693E-002 -4.537734598282346E-003
   6.46875000000000       4.597961391784024E-002 -3.592814010473579E-003
   6.50000000000000       4.480033807213890E-002 -2.649732922254031E-003
   6.53125000000000       4.328497654502055E-002 -2.276575387128979E-003
   6.56250000000000       4.221099486262884E-002 -2.137404529477832E-003
   6.59375000000000       4.128828861257983E-002 -1.999428908135098E-003
   6.62500000000000       4.045345590489708E-002 -1.862246633000887E-003
   6.65625000000000       3.967890299591766E-002 -1.725683195356392E-003
   6.68750000000000       3.894856965316007E-002 -1.589643804280574E-003
   6.71875000000000       3.825140890557761E-002 -1.454074010537779E-003
   6.75000000000000       3.757862316618629E-002 -1.318945695345819E-003
   6.78125000000000       3.692177505770213E-002 -1.184253957454203E-003
   6.81250000000000       3.626979093298099E-002 -1.050026675365345E-003
   6.84375000000000       3.558821654917588E-002 -9.164227013630971E-004
   6.87500000000000       3.491893697693278E-002 -9.080592258407873E-004
   6.90625000000000       3.432862574237620E-002 -9.024368981437452E-004
   6.93750000000000       3.377680695347981E-002 -8.967398378492084E-004
   6.96875000000000       3.325440274094856E-002 -8.910008187110661E-004
   7.00000000000000       3.275659334759415E-002 -8.852351766854417E-004
   7.03125000000000       3.228022417568523E-002 -8.794519591461921E-004
   7.06250000000000       3.182301061262799E-002 -8.736573254408664E-004
   7.09375000000000       3.138320756897768E-002 -8.678559641770466E-004
   7.12500000000000       3.095945741931504E-002 -8.620517971474240E-004
   7.15625000000000       3.055075200111051E-002 -8.562483099323880E-004
   7.18750000000000       3.015669499739069E-002 -8.504477875931858E-004
   7.21875000000000       2.977700801083839E-002 -8.413116603801123E-004
   7.25000000000000       2.940630556645583E-002 -8.308273399717188E-004
   7.28125000000000       2.904563053606808E-002 -8.203842369489500E-004
   7.31250000000000       2.869474841978870E-002 -8.099822208731574E-004
   7.34375000000000       2.835327315391797E-002 -7.996220542072803E-004
   7.37500000000000       2.802080107126943E-002 -7.893049400634477E-004
   7.40625000000000       2.769693881098437E-002 -7.790325478738762E-004
   7.43750000000000       2.738130650829182E-002 -7.688071667132462E-004
   7.46875000000000       2.707352754227956E-002 -7.586319937198915E-004
   7.50000000000000       2.677319667210040E-002 -7.485117188718344E-004
   7.53125000000000       2.647977432422346E-002 -7.384540831004353E-004
   7.56250000000000       2.619186395363301E-002 -7.284786582167408E-004
   7.59375000000000       2.591009156328490E-002 -7.245288951277282E-004
   7.62500000000000       2.563974391524576E-002 -7.214473149476336E-004
   7.65625000000000       2.537845107095719E-002 -7.183843256859413E-004
   7.68750000000000       2.512595665288145E-002 -7.153563807531183E-004
   7.71875000000000       2.488242823882347E-002 -7.123810954793489E-004
   7.75000000000000       2.464838837413284E-002 -7.094814623330903E-004
   7.78125000000000       2.442483835987861E-002 -7.066908054377627E-004
   7.81250000000000       2.421358210373845E-002 -7.040619142413880E-004
   7.84375000000000       2.401799386106443E-002 -7.016874692069918E-004
   7.87500000000000       2.384511198613696E-002 -6.997553909760792E-004
   7.90625000000000       2.371321120588707E-002 -6.987503204120035E-004
   7.93750000000000       2.370360996682628E-002 -7.008510495797262E-004
   7.96875000000000       2.352746779491810E-002 -1.347060063752388E-018
   8.00000000000000       2.303698595318021E-002 -8.814607528639913E-019
   8.03125000000000       2.269712408955726E-002  9.337127268906628E-019
   8.06250000000000       2.240234983680803E-002 -2.337806124181137E-018
   8.09375000000000       2.213123908444974E-002  1.412504739503052E-018
   8.12500000000000       2.187558984133202E-002 -2.414953090294013E-019
   8.15625000000000       2.163133978072170E-002  1.091022857488396E-018
   8.18750000000000       2.139615268397498E-002 -2.444066957570177E-018
   8.21875000000000       2.116854368620708E-002 -9.340377291283936E-020
   8.25000000000000       2.094749794692418E-002 -2.074997923287252E-018
   8.28125000000000       2.073228225355861E-002  2.436526905034967E-019
   8.31250000000000       2.052234304120444E-002 -9.422795642978397E-019
   8.34375000000000       2.031724717960120E-002  1.669750284765357E-019
   8.37500000000000       2.011664563124512E-002  2.003652890055395E-018
   8.40625000000000       1.992025010271228E-002 -4.824055963015157E-019
   8.43750000000000       1.972781747410132E-002 -1.903179256391068E-019
   8.46875000000000       1.953913906405375E-002  1.099139943327859E-018
   8.50000000000000       1.935403303409636E-002 -5.515877321887025E-019
   8.53125000000000       1.917233887000662E-002 -1.072723238367419E-018
   8.56250000000000       1.899391329837719E-002 -1.180344321448417E-018
   8.59375000000000       1.881862719276860E-002 -9.601896346358939E-019
   8.62500000000000       1.864636320761083E-002 -1.183836616166698E-019
   8.65625000000000       1.847701392015967E-002  1.104413169723473E-018
   8.68750000000000       1.831048036896374E-002  8.101199554759111E-020
   8.71875000000000       1.814667087859092E-002 -1.359196253315413E-019
   8.75000000000000       1.798550010640910E-002  1.373236805737939E-018
   8.78125000000000       1.782688826143131E-002  1.339330898090820E-018
   8.81250000000000       1.767076045870940E-002  2.126780337500708E-018
   8.84375000000000       1.751704618047475E-002 -4.462815580720181E-019
   8.87500000000000       1.736567881510563E-002  7.649149500606499E-019
   8.90625000000000       1.721659527544430E-002  7.115925671897600E-019
   8.93750000000000       1.706973566497273E-002  2.414883173288899E-018
   8.96875000000000       1.692504299080547E-002  1.372871716838627E-018
   9.00000000000000       1.678246291769415E-002 -1.823683852847183E-019
   9.03125000000000       1.664194354877822E-002  5.314309379208059E-019
   9.06250000000000       1.650343523858285E-002 -1.027936017830292E-019
   9.09375000000000       1.636689042090477E-002 -7.608498207540403E-019
   9.12500000000000       1.623226346091186E-002 -4.912546384006688E-020
   9.15625000000000       1.609951052432584E-002 -1.928234790040028E-020
   9.18750000000000       1.596858945402762E-002  2.946779762164325E-020
   9.21875000000000       1.583945966467149E-002 -2.617378555664028E-019
   9.25000000000000       1.571208204742664E-002  1.783158688910192E-019
   9.28125000000000       1.558641887906480E-002 -7.788397758411878E-019
   9.31250000000000       1.546243374177880E-002 -1.183040955129716E-018
   9.34375000000000       1.534009145443467E-002  2.694989441529922E-019
   9.37500000000000       1.521935799904467E-002  1.297382964455527E-018
   9.40625000000000       1.510020046715583E-002  9.732363207536423E-019
   9.43750000000000       1.498258699450331E-002 -5.094450898550537E-019
   9.46875000000000       1.486648671493707E-002  3.368370732111571E-019
   9.50000000000000       1.475186971159233E-002  9.705135877690196E-020
   9.53125000000000       1.463870696936700E-002  1.051970952434580E-020
   9.56250000000000       1.452697033511170E-002  1.287637279201591E-019
   9.59375000000000       1.441663247639062E-002  1.323643977791284E-018
   9.62500000000000       1.430766684821186E-002 -2.958571984173605E-019
   9.65625000000000       1.420004765910622E-002  8.709694322058266E-019
   9.68750000000000       1.409374983601007E-002  1.898397116055108E-019
   9.71875000000000       1.398874899619687E-002  4.631117740060859E-019
   9.75000000000000       1.388502142030795E-002  4.895350291784329E-019
   9.78125000000000       1.378254402450971E-002  6.808626538821837E-019
   9.81250000000000       1.368129433738177E-002 -3.851346897150123E-019
   9.84375000000000       1.358125047234569E-002  3.933749455812310E-019
   9.87500000000000       1.348239110951843E-002  1.457762705561574E-018
   9.90625000000000       1.338469547441697E-002 -1.388064126686194E-019
   9.93750000000000       1.328814331642237E-002  8.333413184345382E-019
   9.96875000000000       1.319271488850249E-002 -6.553137810369266E-019
   10.0000000000000       1.309839093376397E-002 -1.234014558234645E-018
   11.0000000000000       1.190762812160361E-002  0.000000000000000E+000
   12.0000000000000       1.091532577813664E-002  0.000000000000000E+000
   13.0000000000000       1.007568533366459E-002  0.000000000000000E+000
   14.0000000000000       9.355993524117121E-003  0.000000000000000E+000
   15.0000000000000       8.732260622509314E-003  0.000000000000000E+000
   16.0000000000000       8.186494333602481E-003  0.000000000000000E+000
   17.0000000000000       7.704935843390570E-003  0.000000000000000E+000
   18.0000000000000       7.276883852091094E-003  0.000000000000000E+000
   19.0000000000000       6.893889965138932E-003  0.000000000000000E+000
   20.0000000000000       6.549195466881985E-003  0.000000000000000E+000
   21.0000000000000       6.237329016078081E-003  0.000000000000000E+000
   22.0000000000000       5.953814060801805E-003  0.000000000000000E+000
   23.0000000000000       5.694952579897378E-003  0.000000000000000E+000
   24.0000000000000       5.457662889068321E-003  0.000000000000000E+000
   25.0000000000000       5.239356373505588E-003  0.000000000000000E+000
   26.0000000000000       5.037842666832297E-003  0.000000000000000E+000
   27.0000000000000       4.851255901394063E-003  0.000000000000000E+000
   28.0000000000000       4.677996762058561E-003  0.000000000000000E+000
   29.0000000000000       4.516686528884128E-003  0.000000000000000E+000
   30.0000000000000       4.366130311254657E-003  0.000000000000000E+000
   31.0000000000000       4.225287397988378E-003  0.000000000000000E+000
   32.0000000000000       4.093247166801241E-003  0.000000000000000E+000
   33.0000000000000       3.969209373867869E-003  0.000000000000000E+000
   34.0000000000000       3.852467921695285E-003  0.000000000000000E+000
   35.0000000000000       3.742397409646849E-003  0.000000000000000E+000
   36.0000000000000       3.638441926045547E-003  0.000000000000000E+000
   37.0000000000000       3.540105657774046E-003  0.000000000000000E+000
   38.0000000000000       3.446944982569466E-003  0.000000000000000E+000
   39.0000000000000       3.358561777888197E-003  0.000000000000000E+000
   40.0000000000000       3.274597733440993E-003  0.000000000000000E+000
   41.0000000000000       3.194729496039993E-003  0.000000000000000E+000
   42.0000000000000       3.118664508039041E-003  0.000000000000000E+000
   43.0000000000000       3.046137426456737E-003  0.000000000000000E+000
   44.0000000000000       2.976907030400902E-003  0.000000000000000E+000
   45.0000000000000       2.910753540836438E-003  0.000000000000000E+000
   46.0000000000000       2.847476289948689E-003  0.000000000000000E+000
   47.0000000000000       2.786891688034887E-003  0.000000000000000E+000
   48.0000000000000       2.728831444534160E-003  0.000000000000000E+000
   49.0000000000000       2.673141006890606E-003  0.000000000000000E+000
   50.0000000000000       2.619678186752794E-003  0.000000000000000E+000
   51.0000000000000       2.568311947796857E-003  0.000000000000000E+000
   52.0000000000000       2.518921333416148E-003  0.000000000000000E+000
   53.0000000000000       2.471394515804523E-003  0.000000000000000E+000
   54.0000000000000       2.425627950697032E-003  0.000000000000000E+000
   55.0000000000000       2.381525624320722E-003  0.000000000000000E+000
   56.0000000000000       2.338998381029280E-003  0.000000000000000E+000
   57.0000000000000       2.297963321712977E-003  0.000000000000000E+000
   58.0000000000000       2.258343264442064E-003  0.000000000000000E+000
   59.0000000000000       2.220066259959995E-003  0.000000000000000E+000
   60.0000000000000       2.183065155627328E-003  0.000000000000000E+000
   61.0000000000000       2.147277202256389E-003  0.000000000000000E+000
   62.0000000000000       2.112643698994189E-003  0.000000000000000E+000
   63.0000000000000       2.079109672026027E-003  0.000000000000000E+000
   64.0000000000000       2.046623583400620E-003  0.000000000000000E+000
   65.0000000000000       2.015137066732918E-003  0.000000000000000E+000
   66.0000000000000       1.984604686933935E-003  0.000000000000000E+000
   67.0000000000000       1.954983721457309E-003  0.000000000000000E+000
   68.0000000000000       1.926233960847643E-003  0.000000000000000E+000
   69.0000000000000       1.898317526632459E-003  0.000000000000000E+000
   70.0000000000000       1.871198704823424E-003  0.000000000000000E+000
   71.0000000000000       1.844843793487883E-003  0.000000000000000E+000
   72.0000000000000       1.819220963022774E-003  0.000000000000000E+000
   73.0000000000000       1.794300127912873E-003  0.000000000000000E+000
   74.0000000000000       1.770052828887023E-003  0.000000000000000E+000
   75.0000000000000       1.746452124501863E-003  0.000000000000000E+000
   76.0000000000000       1.723472491284733E-003  0.000000000000000E+000
   77.0000000000000       1.701089731657659E-003  0.000000000000000E+000
   78.0000000000000       1.679280888944099E-003  0.000000000000000E+000
   79.0000000000000       1.658024168830882E-003  0.000000000000000E+000
   80.0000000000000       1.637298866720496E-003  0.000000000000000E+000
   81.0000000000000       1.617085300464688E-003  0.000000000000000E+000
   82.0000000000000       1.597364748019996E-003  0.000000000000000E+000
   83.0000000000000       1.578119389610117E-003  0.000000000000000E+000
   84.0000000000000       1.559332254019520E-003  0.000000000000000E+000
   85.0000000000000       1.540987168678114E-003  0.000000000000000E+000
   86.0000000000000       1.523068713228369E-003  0.000000000000000E+000
   87.0000000000000       1.505562176294709E-003  0.000000000000000E+000
   88.0000000000000       1.488453515200451E-003  0.000000000000000E+000
   89.0000000000000       1.471729318400446E-003  0.000000000000000E+000
   90.0000000000000       1.455376770418219E-003  0.000000000000000E+000
   91.0000000000000       1.439383619094942E-003  0.000000000000000E+000
   92.0000000000000       1.423738144974345E-003  0.000000000000000E+000
   93.0000000000000       1.408429132662793E-003  0.000000000000000E+000
   94.0000000000000       1.393445844017444E-003  0.000000000000000E+000
   95.0000000000000       1.378777993027786E-003  0.000000000000000E+000
   96.0000000000000       1.364415722267080E-003  0.000000000000000E+000
   97.0000000000000       1.350349580800409E-003  0.000000000000000E+000
   98.0000000000000       1.336570503445303E-003  0.000000000000000E+000
   99.0000000000000       1.323069791289290E-003  0.000000000000000E+000
   100.000000000000       1.309839093376397E-003  0.000000000000000E+000
   101.000000000000       1.296870389481581E-003  0.000000000000000E+000
   102.000000000000       1.284155973898428E-003  0.000000000000000E+000
   103.000000000000       1.271688440171259E-003  0.000000000000000E+000
   104.000000000000       1.259460666708074E-003  0.000000000000000E+000
   105.000000000000       1.247465803215616E-003  0.000000000000000E+000
   106.000000000000       1.235697257902261E-003  0.000000000000000E+000
   107.000000000000       1.224148685398502E-003  0.000000000000000E+000
   108.000000000000       1.212813975348516E-003  0.000000000000000E+000
   109.000000000000       1.201687241629722E-003  0.000000000000000E+000
   110.000000000000       1.190762812160361E-003  0.000000000000000E+000
   111.000000000000       1.180035219258015E-003  0.000000000000000E+000
   112.000000000000       1.169499190514640E-003  0.000000000000000E+000
   113.000000000000       1.159149640156104E-003  0.000000000000000E+000
   114.000000000000       1.148981660856489E-003  0.000000000000000E+000
   115.000000000000       1.138990515979476E-003  0.000000000000000E+000
   116.000000000000       1.129171632221032E-003  0.000000000000000E+000
   117.000000000000       1.119520592629399E-003  0.000000000000000E+000
   118.000000000000       1.110033129979998E-003  0.000000000000000E+000
   119.000000000000       1.100705120484367E-003  0.000000000000000E+000
   120.000000000000       1.091532577813664E-003  0.000000000000000E+000
   121.000000000000       1.082511647418510E-003  0.000000000000000E+000
   122.000000000000       1.073638601128194E-003  0.000000000000000E+000
   123.000000000000       1.064909832013331E-003  0.000000000000000E+000
   124.000000000000       1.056321849497094E-003  0.000000000000000E+000
   125.000000000000       1.047871274701118E-003  0.000000000000000E+000
   126.000000000000       1.039554836013013E-003  0.000000000000000E+000
   127.000000000000       1.031369364863305E-003  0.000000000000000E+000
   128.000000000000       1.023311791700310E-003  0.000000000000000E+000
   129.000000000000       1.015379142152246E-003  0.000000000000000E+000
   130.000000000000       1.007568533366459E-003  0.000000000000000E+000
   131.000000000000       9.998771705163336E-004  0.000000000000000E+000
   132.000000000000       9.923023434669674E-004  0.000000000000000E+000
   133.000000000000       9.848414235912760E-004  0.000000000000000E+000
   134.000000000000       9.774918607286544E-004  0.000000000000000E+000
   135.000000000000       9.702511802788126E-004  0.000000000000000E+000
   136.000000000000       9.631169804238213E-004  0.000000000000000E+000
   137.000000000000       9.560869294718226E-004  0.000000000000000E+000
   138.000000000000       9.491587633162297E-004  0.000000000000000E+000
   139.000000000000       9.423302830046022E-004  0.000000000000000E+000
   140.000000000000       9.355993524117122E-004  0.000000000000000E+000
   141.000000000000       9.289638960116291E-004  0.000000000000000E+000
   142.000000000000       9.224218967439416E-004  0.000000000000000E+000
   143.000000000000       9.159713939695084E-004  0.000000000000000E+000
   144.000000000000       9.096104815113868E-004  0.000000000000000E+000
   145.000000000000       9.033373057768256E-004  0.000000000000000E+000
   146.000000000000       8.971500639564363E-004  0.000000000000000E+000
   147.000000000000       8.910470022968687E-004  0.000000000000000E+000
   148.000000000000       8.850264144435115E-004  0.000000000000000E+000
   149.000000000000       8.790866398499309E-004  0.000000000000000E+000
   150.000000000000       8.732260622509314E-004  0.000000000000000E+000
   151.000000000000       8.674431081962895E-004  0.000000000000000E+000
   152.000000000000       8.617362456423665E-004  0.000000000000000E+000
   153.000000000000       8.561039825989523E-004  0.000000000000000E+000
   154.000000000000       8.505448658288293E-004  0.000000000000000E+000
   155.000000000000       8.450574795976755E-004  0.000000000000000E+000
   156.000000000000       8.396404444720493E-004  0.000000000000000E+000
   157.000000000000       8.342924161633102E-004  0.000000000000000E+000
   158.000000000000       8.290120844154412E-004  0.000000000000000E+000
   159.000000000000       8.237981719348409E-004  0.000000000000000E+000
   160.000000000000       8.186494333602481E-004  0.000000000000000E+000
   161.000000000000       8.135646542710540E-004  0.000000000000000E+000
   162.000000000000       8.085426502323439E-004  0.000000000000000E+000
   163.000000000000       8.035822658750902E-004  0.000000000000000E+000
   164.000000000000       7.986823740099982E-004  0.000000000000000E+000
   165.000000000000       7.938418747735740E-004  0.000000000000000E+000
   166.000000000000       7.890596948050585E-004  0.000000000000000E+000
   167.000000000000       7.843347864529323E-004  0.000000000000000E+000
   168.000000000000       7.796661270097602E-004  0.000000000000000E+000
   169.000000000000       7.750527179741994E-004  0.000000000000000E+000
   170.000000000000       7.704935843390571E-004  0.000000000000000E+000
   171.000000000000       7.659877739043257E-004  0.000000000000000E+000
   172.000000000000       7.615343566141843E-004  0.000000000000000E+000
   173.000000000000       7.571324239169925E-004  0.000000000000000E+000
   174.000000000000       7.527810881473547E-004  0.000000000000000E+000
   175.000000000000       7.484794819293697E-004  0.000000000000000E+000
   176.000000000000       7.442267576002256E-004  0.000000000000000E+000
   177.000000000000       7.400220866533317E-004  0.000000000000000E+000
   178.000000000000       7.358646592002231E-004  0.000000000000000E+000
   179.000000000000       7.317536834505012E-004  0.000000000000000E+000
   180.000000000000       7.276883852091095E-004  0.000000000000000E+000
   181.000000000000       7.236680073902746E-004  0.000000000000000E+000
   182.000000000000       7.196918095474709E-004  0.000000000000000E+000
   183.000000000000       7.157590674187962E-004  0.000000000000000E+000
   184.000000000000       7.118690724871723E-004  0.000000000000000E+000
   185.000000000000       7.080211315548092E-004  0.000000000000000E+000
   186.000000000000       7.042145663313963E-004  0.000000000000000E+000
   187.000000000000       7.004487130355064E-004  0.000000000000000E+000
   188.000000000000       6.967229220087219E-004  0.000000000000000E+000
   189.000000000000       6.930365573420090E-004  0.000000000000000E+000
   190.000000000000       6.893889965138932E-004  0.000000000000000E+000
   191.000000000000       6.857796300399984E-004  0.000000000000000E+000
   192.000000000000       6.822078611335401E-004  0.000000000000000E+000
   193.000000000000       6.786731053763716E-004  0.000000000000000E+000
   194.000000000000       6.751747904002047E-004  0.000000000000000E+000
   195.000000000000       6.717123555776395E-004  0.000000000000000E+000
   196.000000000000       6.682852517226515E-004  0.000000000000000E+000
   197.000000000000       6.648929408002016E-004  0.000000000000000E+000
   198.000000000000       6.615348956446450E-004  0.000000000000000E+000
   199.000000000000       6.582105996866316E-004  0.000000000000000E+000
   200.000000000000       6.549195466881985E-004  0.000000000000000E+000
   201.000000000000       6.516612404857696E-004  0.000000000000000E+000
   202.000000000000       6.484351947407906E-004  0.000000000000000E+000
   203.000000000000       6.452409326977326E-004  0.000000000000000E+000
   204.000000000000       6.420779869492142E-004  0.000000000000000E+000
   205.000000000000       6.389458992079986E-004  0.000000000000000E+000
   206.000000000000       6.358442200856296E-004  0.000000000000000E+000
   207.000000000000       6.327725088774865E-004  0.000000000000000E+000
   208.000000000000       6.297303333540371E-004  0.000000000000000E+000
   209.000000000000       6.267172695580847E-004  0.000000000000000E+000
   210.000000000000       6.237329016078082E-004  0.000000000000000E+000
   211.000000000000       6.207768215054014E-004  0.000000000000000E+000
   212.000000000000       6.178486289511307E-004  0.000000000000000E+000
   213.000000000000       6.149479311626277E-004  0.000000000000000E+000
   214.000000000000       6.120743426992509E-004  0.000000000000000E+000
   215.000000000000       6.092274852913474E-004  0.000000000000000E+000
   216.000000000000       6.064069876742579E-004  0.000000000000000E+000
   217.000000000000       6.036124854269110E-004  0.000000000000000E+000
   218.000000000000       6.008436208148610E-004  0.000000000000000E+000
   219.000000000000       5.981000426376242E-004  0.000000000000000E+000
   220.000000000000       5.953814060801805E-004  0.000000000000000E+000
   221.000000000000       5.926873725685054E-004  0.000000000000000E+000
   222.000000000000       5.900176096290076E-004  0.000000000000000E+000
   223.000000000000       5.873717907517476E-004  0.000000000000000E+000
   224.000000000000       5.847495952573201E-004  0.000000000000000E+000
   225.000000000000       5.821507081672875E-004  0.000000000000000E+000
   226.000000000000       5.795748200780518E-004  0.000000000000000E+000
   227.000000000000       5.770216270380604E-004  0.000000000000000E+000
   228.000000000000       5.744908304282443E-004  0.000000000000000E+000
   229.000000000000       5.719821368455882E-004  0.000000000000000E+000
   230.000000000000       5.694952579897378E-004  0.000000000000000E+000
   231.000000000000       5.670299105525529E-004  0.000000000000000E+000
   232.000000000000       5.645858161105160E-004  0.000000000000000E+000
   233.000000000000       5.621627010199129E-004  0.000000000000000E+000
   234.000000000000       5.597602963146996E-004  0.000000000000000E+000
   235.000000000000       5.573783376069775E-004  0.000000000000000E+000
   236.000000000000       5.550165649899988E-004  0.000000000000000E+000
   237.000000000000       5.526747229436274E-004  0.000000000000000E+000
   238.000000000000       5.503525602421836E-004  0.000000000000000E+000
   239.000000000000       5.480498298646013E-004  0.000000000000000E+000
   240.000000000000       5.457662889068321E-004  0.000000000000000E+000
   241.000000000000       5.435016984964303E-004  0.000000000000000E+000
   242.000000000000       5.412558237092549E-004  0.000000000000000E+000
   243.000000000000       5.390284334882292E-004  0.000000000000000E+000
   244.000000000000       5.368193005640972E-004  0.000000000000000E+000
   245.000000000000       5.346282013781212E-004  0.000000000000000E+000
   246.000000000000       5.324549160066655E-004  0.000000000000000E+000
   247.000000000000       5.302992280876101E-004  0.000000000000000E+000
   248.000000000000       5.281609247485472E-004  0.000000000000000E+000
   249.000000000000       5.260397965367057E-004  0.000000000000000E+000
   250.000000000000       5.239356373505588E-004  0.000000000000000E+000
   251.000000000000       5.218482443730666E-004  0.000000000000000E+000
   252.000000000000       5.197774180065067E-004  0.000000000000000E+000
   253.000000000000       5.177229618088526E-004  0.000000000000000E+000
   254.000000000000       5.156846824316524E-004  0.000000000000000E+000
   255.000000000000       5.136623895593714E-004  0.000000000000000E+000
   256.000000000000       5.116558958501551E-004  0.000000000000000E+000
   257.000000000000       5.096650168779755E-004  0.000000000000000E+000
   258.000000000000       5.076895710761229E-004  0.000000000000000E+000
   259.000000000000       5.057293796820065E-004  0.000000000000000E+000
   260.000000000000       5.037842666832296E-004  0.000000000000000E+000
   261.000000000000       5.018540587649030E-004  0.000000000000000E+000
   262.000000000000       4.999385852581668E-004  0.000000000000000E+000
   263.000000000000       4.980376780898848E-004  0.000000000000000E+000
   264.000000000000       4.961511717334837E-004  0.000000000000000E+000
   265.000000000000       4.942789031609046E-004  0.000000000000000E+000
   266.000000000000       4.924207117956380E-004  0.000000000000000E+000
   267.000000000000       4.905764394668153E-004  0.000000000000000E+000
   268.000000000000       4.887459303643272E-004  0.000000000000000E+000
   269.000000000000       4.869290309949431E-004  0.000000000000000E+000
   270.000000000000       4.851255901394063E-004  0.000000000000000E+000
   271.000000000000       4.833354588104786E-004  0.000000000000000E+000
   272.000000000000       4.815584902119107E-004  0.000000000000000E+000
   273.000000000000       4.797945396983139E-004  0.000000000000000E+000
   274.000000000000       4.780434647359113E-004  0.000000000000000E+000
   275.000000000000       4.763051248641444E-004  0.000000000000000E+000
   276.000000000000       4.745793816581149E-004  0.000000000000000E+000
   277.000000000000       4.728660986918401E-004  0.000000000000000E+000
   278.000000000000       4.711651415023011E-004  0.000000000000000E+000
   279.000000000000       4.694763775542642E-004  0.000000000000000E+000
   280.000000000000       4.677996762058561E-004  0.000000000000000E+000
   281.000000000000       4.661349086748744E-004  0.000000000000000E+000
   282.000000000000       4.644819480058146E-004  0.000000000000000E+000
   283.000000000000       4.628406690375961E-004  0.000000000000000E+000
   284.000000000000       4.612109483719708E-004  0.000000000000000E+000
   285.000000000000       4.595926643425955E-004  0.000000000000000E+000
   286.000000000000       4.579856969847542E-004  0.000000000000000E+000
   287.000000000000       4.563899280057133E-004  0.000000000000000E+000
   288.000000000000       4.548052407556934E-004  0.000000000000000E+000
   289.000000000000       4.532315201994453E-004  0.000000000000000E+000
   290.000000000000       4.516686528884128E-004  0.000000000000000E+000
   291.000000000000       4.501165269334698E-004  0.000000000000000E+000
   292.000000000000       4.485750319782181E-004  0.000000000000000E+000
   293.000000000000       4.470440591728317E-004  0.000000000000000E+000
   294.000000000000       4.455235011484344E-004  0.000000000000000E+000
   295.000000000000       4.440132519919990E-004  0.000000000000000E+000
   296.000000000000       4.425132072217558E-004  0.000000000000000E+000
   297.000000000000       4.410232637630966E-004  0.000000000000000E+000
   298.000000000000       4.395433199249655E-004  0.000000000000000E+000
   299.000000000000       4.380732753767214E-004  0.000000000000000E+000
   300.000000000000       4.366130311254657E-004  0.000000000000000E+000
   301.000000000000       4.351624894938196E-004  0.000000000000000E+000
   302.000000000000       4.337215540981447E-004  0.000000000000000E+000
   303.000000000000       4.322901298271938E-004  0.000000000000000E+000
   304.000000000000       4.308681228211832E-004  0.000000000000000E+000
   305.000000000000       4.294554404512777E-004  0.000000000000000E+000
   306.000000000000       4.280519912994761E-004  0.000000000000000E+000
   307.000000000000       4.266576851388915E-004  0.000000000000000E+000
   308.000000000000       4.252724329144146E-004  0.000000000000000E+000
   309.000000000000       4.238961467237531E-004  0.000000000000000E+000
   310.000000000000       4.225287397988377E-004  0.000000000000000E+000
