  0.000000000000000E+000  -2.09085341532076      -1.784250554161887E-017
  7.812500000000000E-003  -2.09458786834439      -6.328015251339305E-003
  1.562500000000000E-002  -2.09127961340179      -8.591286786594458E-003
  2.343750000000000E-002  -2.09396350513899      -1.317207617336623E-002
  3.125000000000000E-002  -2.09509729798768      -1.751612587236772E-002
  3.906250000000000E-002  -2.09710328515322      -2.248666278931223E-002
  4.687500000000000E-002  -2.10092664494220      -2.716862211113097E-002
  5.468750000000000E-002  -2.10356773295167      -3.515669068919943E-002
  6.250000000000000E-002  -2.10518661661659      -4.130346940728413E-002
  7.031250000000000E-002  -2.10763531613505      -4.781615903667962E-002
  7.812500000000000E-002  -2.10996240915056      -5.860932115226195E-002
  8.593750000000000E-002  -2.10021954688218      -6.067565221600724E-002
  9.375000000000000E-002  -2.10607740926494      -5.750007033666370E-002
  0.101562500000000       -2.11347366440564      -5.800411476911603E-002
  0.109375000000000       -2.13161634516165      -6.551878165288699E-002
  0.117187500000000       -2.12951363816902      -8.033875017931283E-002
  0.125000000000000       -2.13430061515233      -8.939206979223890E-002
  0.132812500000000       -2.13036549124585      -8.615212151105270E-002
  0.140625000000000       -2.15198180207074      -7.939920807251295E-002
  0.148437500000000       -2.17658099615858      -0.101776128748129     
  0.156250000000000       -2.19076628743204      -0.128088602660440     
  0.164062500000000       -2.18981245447557      -0.155283535709852     
  0.171875000000000       -2.19184530299376      -0.177590850173706     
  0.179687500000000       -2.17977019346958      -0.207799686930914     
  0.187500000000000       -2.16666840207859      -0.219100664710170     
  0.195312500000000       -2.15306181075819      -0.237921827101608     
  0.203125000000000       -2.12761349385198      -0.223241528501730     
  0.210937500000000       -2.13455243881782      -0.206473188879647     
  0.218750000000000       -2.16009071249184      -0.206519536530145     
  0.226562500000000       -2.17902142516659      -0.222869513314515     
  0.234375000000000       -2.19166647735973      -0.252038736348653     
  0.242187500000000       -2.18376847541743      -0.270811472824725     
  0.250000000000000       -2.19073958161505      -0.286091252018245     
  0.257812500000000       -2.20793781219887      -0.325173880791686     
  0.265625000000000       -2.16553598553209      -0.363566302017164     
  0.273437500000000       -2.13517532982855      -0.372952258567744     
  0.281250000000000       -2.09714526463494      -0.378971156242154     
  0.289062500000000       -2.07717190970185      -0.344864904284287     
  0.296875000000000       -2.07935392239660      -0.322922499137388     
  0.304687500000000       -2.08983168610228      -0.305192072442545     
  0.312500000000000       -2.10927571049194      -0.299416067618134     
  0.320312500000000       -2.12586059074303      -0.298016027987939     
  0.328125000000000       -2.14527438608891      -0.296455584235641     
  0.335937500000000       -2.17694482431153      -0.306247922046837     
  0.343750000000000       -2.20098672448147      -0.328690490708020     
  0.351562500000000       -2.22049521852552      -0.361627419846498     
  0.359375000000000       -2.20762515915377      -0.408227110377832     
  0.367187500000000       -2.19099359929941      -0.413365335002921     
  0.375000000000000       -2.18869100505174      -0.414016355684384     
  0.382812500000000       -2.19689852811683      -0.411498373913546     
  0.390625000000000       -2.22631261382732      -0.424208850759053     
  0.398437500000000       -2.24500480992855      -0.454610835806965     
  0.406250000000000       -2.25542260633091      -0.496202377855297     
  0.414062500000000       -2.23714397817501      -0.558252690912693     
  0.421875000000000       -2.18951246112486      -0.556580477556736     
  0.429687500000000       -2.17552473673485      -0.548862899509552     
  0.437500000000000       -2.17265181241359      -0.542204383015242     
  0.445312500000000       -2.17981576512312      -0.534443615410696     
  0.453125000000000       -2.19620537441728      -0.539278786456097     
  0.460937500000000       -2.21174710254574      -0.548593705965385     
  0.468750000000000       -2.22922328801728      -0.561945914010112     
  0.476562500000000       -2.24946789378347      -0.582213245734623     
  0.484375000000000       -2.26346448605400      -0.609514188372662     
  0.492187500000000       -2.27786322128056      -0.638475531855451     
  0.500000000000000       -2.29251377711404      -0.674653363914281     
  0.507812500000000       -2.30376057493881      -0.724979790719948     
  0.515625000000000       -2.28023401266749      -0.783584564136138     
  0.523437500000000       -2.25363346421624      -0.816462852781425     
  0.531250000000000       -2.22839584011959      -0.845155354299318     
  0.539062500000000       -2.19947355076666      -0.871920960951540     
  0.546875000000000       -2.15386631629991      -0.892781911284947     
  0.554687500000000       -2.12296299639387      -0.876517346433153     
  0.562500000000000       -2.11073626583189      -0.864570582144557     
  0.570312500000000       -2.10843595019592      -0.855636287088712     
  0.578125000000000       -2.11531025012765      -0.850868152374117     
  0.585937500000000       -2.13012717133686      -0.859718852753405     
  0.593750000000000       -2.13545223248139      -0.873161268695690     
  0.601562500000000       -2.14232422266589      -0.886331079927502     
  0.609375000000000       -2.15183242655149      -0.901854756242447     
  0.617187500000000       -2.16488455880900      -0.922110385933868     
  0.625000000000000       -2.18060385704257      -0.957800555232948     
  0.632812500000000       -2.17686254997117      -0.997160197925930     
  0.640625000000000       -2.16866753691449       -1.03260959921925     
  0.648437500000000       -2.15638537196023       -1.06654071780263     
  0.656250000000000       -2.13901729648347       -1.09818903305745     
  0.664062500000000       -2.11433589060542       -1.12204957090913     
  0.671875000000000       -2.10447964730292       -1.13489229208915     
  0.679687500000000       -2.09782538656906       -1.15702418599917     
  0.687500000000000       -2.09004940570335       -1.18354933898597     
  0.695312500000000       -2.07964385529556       -1.21332308151597     
  0.703125000000000       -2.06498413193128       -1.24508630263271     
  0.710937500000000       -2.04623197592844       -1.27431150287098     
  0.718750000000000       -2.02789140101667       -1.30462284015481     
  0.726562500000000       -2.00595914809467       -1.33683860190899     
  0.734375000000000       -1.97871576656482       -1.36988459745292     
  0.742187500000000       -1.94391055996710       -1.40221555007095     
  0.750000000000000       -1.89631343948440       -1.42997893427612     
  0.757812500000000       -1.84554503203966       -1.42183350566025     
  0.765625000000000       -1.82535359862673       -1.41706104407306     
  0.773437500000000       -1.81090313934671       -1.42117866968558     
  0.781250000000000       -1.79810796228945       -1.43182225759393     
  0.789062500000000       -1.78473146617585       -1.44793153064960     
  0.796875000000000       -1.76879022944538       -1.46851141697103     
  0.804687500000000       -1.74920325614393       -1.49036466200961     
  0.812500000000000       -1.72914160151659       -1.51490417089618     
  0.820312500000000       -1.70563893593732       -1.54391698334422     
  0.828125000000000       -1.67610386134846       -1.57744961632917     
  0.835937500000000       -1.63672585004568       -1.61520015861508     
  0.843750000000000       -1.58041690921836       -1.65516491008233     
  0.851562500000000       -1.48616598549561       -1.67879279200533     
  0.859375000000000       -1.41610640722247       -1.65149943056217     
  0.867187500000000       -1.36388747971900       -1.62739254639502     
  0.875000000000000       -1.31823317176456       -1.60362489708961     
  0.882812500000000       -1.27584211679977       -1.57832000198804     
  0.890625000000000       -1.23518730284946       -1.54898488544354     
  0.898437500000000       -1.19558280136037       -1.51068976134962     
  0.906250000000000       -1.17551753644721       -1.44513440686247     
  0.914062500000000       -1.19017648434497       -1.40427223537095     
  0.921875000000000       -1.20647439633252       -1.37988721994120     
  0.929687500000000       -1.22385665539670       -1.36574333529377     
  0.937500000000000       -1.24272532495874       -1.36006492629852     
  0.945312500000000       -1.26430452051580       -1.36300147253448     
  0.953125000000000       -1.29198341083001       -1.37772742910925     
  0.960937500000000       -1.32243848234042       -1.43628152883225     
  0.968750000000000       -1.29806045101178       -1.49875869339929     
  0.976562500000000       -1.25842421205509       -1.54889529352643     
  0.984375000000000       -1.20557747294820       -1.59119582153078     
  0.992187500000000       -1.13879454496169       -1.62444637651732     
   1.00000000000000       -1.05676196548643       -1.64420551098654     
   1.00781250000000      -0.958495912965142       -1.64123801719944     
   1.01562500000000      -0.844002646310694       -1.58925376665797     
   1.02343750000000      -0.817359810401627       -1.49064059127336     
   1.03125000000000      -0.809188308139534       -1.43687752548529     
   1.03906250000000      -0.803322897874023       -1.39678511295287     
   1.04687500000000      -0.798459799715848       -1.36438243663179     
   1.05468750000000      -0.794232027794788       -1.33708824593612     
   1.06250000000000      -0.790686049478079       -1.31363048932854     
   1.07031250000000      -0.788324807603474       -1.29366322781246     
   1.07812500000000      -0.788749224615395       -1.28122227288876     
   1.08593750000000      -0.778204482858117       -1.27413632366680     
   1.09375000000000      -0.763956001130029       -1.26413230920798     
   1.10156250000000      -0.747269162174977       -1.25209152318130     
   1.10937500000000      -0.728539524313574       -1.23760551796759     
   1.11718750000000      -0.708078902159174       -1.21982245243534     
   1.12500000000000      -0.686345327087170       -1.19736491662534     
   1.13281250000000      -0.664283053001175       -1.16778627991320     
   1.14062500000000      -0.644830208256616       -1.12316343597769     
   1.14843750000000      -0.658258498275297       -1.08077501268068     
   1.15625000000000      -0.669777872844321       -1.05453053509858     
   1.16406250000000      -0.679954651609663       -1.03356534191195     
   1.17187500000000      -0.689295130052851       -1.01581984384971     
   1.17968750000000      -0.698135120065843       -1.00037981680444     
   1.18750000000000      -0.706760150414918      -0.986783828608778     
   1.19531250000000      -0.715462383032564      -0.974842253098577     
   1.20312500000000      -0.724637299516740      -0.964661038960853     
   1.21093750000000      -0.734337818176694      -0.958027369373670     
   1.21875000000000      -0.741342916694642      -0.953343961826108     
   1.22656250000000      -0.747446125244214      -0.949332252315289     
   1.23437500000000      -0.753072164509785      -0.946210192339555     
   1.24218750000000      -0.758448209848934      -0.944172919432465     
   1.25000000000000      -0.763752611176472      -0.943506449594277     
   1.25781250000000      -0.769162188632017      -0.944687618015977     
   1.26562500000000      -0.774899636031075      -0.948622868085479     
   1.27343750000000      -0.781362712871862      -0.957586994899647     
   1.28125000000000      -0.780212577724029      -0.981988986086388     
   1.28906250000000      -0.760719266843059      -0.996877161443629     
   1.29687500000000      -0.738928053601113       -1.00464915463682     
   1.30468750000000      -0.715215077116162       -1.00752650643675     
   1.31250000000000      -0.689899029410288       -1.00583264752530     
   1.32031250000000      -0.663389404361449      -0.999345541479391     
   1.32812500000000      -0.636274448954106      -0.987531564421797     
   1.33593750000000      -0.609443463198302      -0.969550378134484     
   1.34375000000000      -0.584367693859694      -0.943980331605021     
   1.35156250000000      -0.564687766914079      -0.906290015086956     
   1.35937500000000      -0.570987607281899      -0.872573166729797     
   1.36718750000000      -0.574316438602996      -0.851394394863293     
   1.37500000000000      -0.576169384375354      -0.833231922915002     
   1.38281250000000      -0.577275434215990      -0.816563826995846     
   1.39062500000000      -0.577995580159468      -0.800731090994363     
   1.39843750000000      -0.578565992249881      -0.785383575949376     
   1.40625000000000      -0.579170802000002      -0.770324343090716     
   1.41406250000000      -0.579975969962189      -0.755457317678316     
   1.42187500000000      -0.581159304071547      -0.740791227129323     
   1.42968750000000      -0.583038701227815      -0.726667679657049     
   1.43750000000000      -0.583991836924861      -0.713576959811324     
   1.44531250000000      -0.584684169998195      -0.699789959301191     
   1.45312500000000      -0.585530018147535      -0.685550331790870     
   1.46093750000000      -0.586689133304095      -0.670869191980269     
   1.46875000000000      -0.588295482081239      -0.655731998500883     
   1.47656250000000      -0.590484099418993      -0.640111921050195     
   1.48437500000000      -0.593409084358645      -0.623966322864121     
   1.49218750000000      -0.597271208516092      -0.607219880052335     
   1.50000000000000      -0.602388020707903      -0.589711977775211     
   1.50781250000000      -0.609503990277466      -0.570945746753576     
   1.51562500000000      -0.623444144695223      -0.553147636038010     
   1.52343750000000      -0.636487219251502      -0.541793856681849     
   1.53125000000000      -0.648068184626629      -0.531791411007812     
   1.53906250000000      -0.658895323342351      -0.522528711554115     
   1.54687500000000      -0.669273894531697      -0.513757906193337     
   1.55468750000000      -0.679393303189910      -0.505337378644524     
   1.56250000000000      -0.689400000917742      -0.497168254810857     
   1.57031250000000      -0.699432148770431      -0.489166808436112     
   1.57812500000000      -0.709652070319178      -0.481242592744238     
   1.58593750000000      -0.720311089295855      -0.473259453192489     
   1.59375000000000      -0.732029919307188      -0.464867990184152     
   1.60156250000000      -0.747995419111274      -0.458509292384498     
   1.60937500000000      -0.761837967173523      -0.456600509246909     
   1.61718750000000      -0.774064441093475      -0.455643936193140     
   1.62500000000000      -0.785227942046308      -0.455340685559160     
   1.63281250000000      -0.795552139116095      -0.455598875939276     
   1.64062500000000      -0.805148029963690      -0.456401706322936     
   1.64843750000000      -0.814063680795969      -0.457781803506115     
   1.65625000000000      -0.822295250972568      -0.459822990331366     
   1.66406250000000      -0.829775709214735      -0.462684044480900     
   1.67187500000000      -0.836326737375511      -0.466668554679409     
   1.67968750000000      -0.841476037284499      -0.472471074371684     
   1.68750000000000      -0.841443525422291      -0.483152446483448     
   1.69531250000000      -0.832967800502944      -0.483906293881221     
   1.70312500000000      -0.827664108140927      -0.480408912782721     
   1.71093750000000      -0.823910561750008      -0.474844155519424     
   1.71875000000000      -0.821361096568584      -0.467782592895949     
   1.72656250000000      -0.819896286638606      -0.459504930614852     
   1.73437500000000      -0.819485430939726      -0.450182086179167     
   1.74218750000000      -0.820146554114927      -0.439930994445295     
   1.75000000000000      -0.821934178678684      -0.428836599696341     
   1.75781250000000      -0.824941989652101      -0.416959642579001     
   1.76562500000000      -0.829325715262996      -0.404332767295040     
   1.77343750000000      -0.835391774469825      -0.390927594928292     
   1.78125000000000      -0.844539759809331      -0.376276337169647     
   1.78906250000000      -0.856525722441935      -0.366336806468170     
   1.79687500000000      -0.867091825192112      -0.357110657118402     
   1.80468750000000      -0.877571871491739      -0.347963252786497     
   1.81250000000000      -0.888304214444454      -0.338755496239815     
   1.82031250000000      -0.899487655766929      -0.329421102709320     
   1.82812500000000      -0.911280163046032      -0.319917803422092     
   1.83593750000000      -0.923834711394239      -0.310210552322352     
   1.84375000000000      -0.937323225106395      -0.300261599032418     
   1.85156250000000      -0.951965142976805      -0.290020005356289     
   1.85937500000000      -0.968079610066821      -0.279403426962160     
   1.86718750000000      -0.986217079747309      -0.268252146330825     
   1.87500000000000       -1.00767332644968      -0.256145509283664     
   1.88281250000000       -1.04013787775314      -0.246533985183063     
   1.89062500000000       -1.06850524091227      -0.250566891363373     
   1.89843750000000       -1.09222724190636      -0.255557200545066     
   1.90625000000000       -1.11376710546316      -0.260890933547839     
   1.91406250000000       -1.13401793614424      -0.266419415689677     
   1.92187500000000       -1.15347953854206      -0.272097213939423     
   1.92968750000000       -1.17249919923024      -0.277921548238693     
   1.93750000000000       -1.19136180520082      -0.283916850895680     
   1.94531250000000       -1.21033965139681      -0.290133966936133     
   1.95312500000000       -1.22973549036248      -0.296659551395736     
   1.96093750000000       -1.24994273271808      -0.303641525956276     
   1.96875000000000       -1.27157124155822      -0.311356567714546     
   1.97656250000000       -1.29583720473886      -0.320444858538290     
   1.98437500000000       -1.32803589550869      -0.334686587881901     
   1.99218750000000       -1.34865423539664      -0.365649907718051     
   2.00000000000000       -1.36138868263441      -0.393121415961500     
   2.00781250000000       -1.36977005255774      -0.419520897070091     
   2.01562500000000       -1.37422424881673      -0.445126421304127     
   2.02343750000000       -1.37459804715831      -0.469762082798434     
   2.03125000000000       -1.37044814415847      -0.492842622866092     
   2.03906250000000       -1.36119465642711      -0.513219199007795     
   2.04687500000000       -1.34637777723348      -0.528905095570407     
   2.05468750000000       -1.32623069851387      -0.536756480348767     
   2.06250000000000       -1.30283708769281      -0.532402832615567     
   2.07031250000000       -1.28193690161511      -0.511217006009614     
   2.07812500000000       -1.27437942498783      -0.471481471517617     
   2.08593750000000       -1.29475574255099      -0.419329273439957     
   2.09375000000000       -1.36662366257676      -0.373202596285511     
   2.10156250000000       -1.43367706736864      -0.403308424683000     
   2.10937500000000       -1.47141610897353      -0.433573469948979     
   2.11718750000000       -1.49863684834941      -0.462095874323383     
   2.12500000000000       -1.52044595572112      -0.488942613778695     
   2.13281250000000       -1.53923536971638      -0.514701894884575     
   2.14062500000000       -1.55616798298656      -0.540008196810210     
   2.14843750000000       -1.57179990814190      -0.565376948956365     
   2.15625000000000       -1.58639619133952      -0.591205809605997     
   2.16406250000000       -1.60008022190052      -0.617829867205520     
   2.17187500000000       -1.61289462280001      -0.645585730646568     
   2.17968750000000       -1.62481378640701      -0.674884186280123     
   2.18750000000000       -1.63571635449676      -0.706323115584692     
   2.19531250000000       -1.64527695896243      -0.740948829558546     
   2.20312500000000       -1.65248509706241      -0.781245144153834     
   2.21093750000000       -1.64255914481078      -0.831809134338150     
   2.21875000000000       -1.62268716365719      -0.861501976701749     
   2.22656250000000       -1.60663793549340      -0.885108465775479     
   2.23437500000000       -1.59244899217907      -0.905661695215369     
   2.24218750000000       -1.57945099550353      -0.924170523784135     
   2.25000000000000       -1.56730593551467      -0.941137395751776     
   2.25781250000000       -1.55581451184875      -0.956855783674730     
   2.26562500000000       -1.54484988164701      -0.971511019228388     
   2.27343750000000       -1.53432906198224      -0.985223317469706     
   2.28125000000000       -1.52419928625457      -0.998068086291355     
   2.28906250000000       -1.51443186916552       -1.01008491335132     
   2.29687500000000       -1.50502128321059       -1.02127868663027     
   2.30468750000000       -1.49599028536431       -1.03161144732233     
   2.31250000000000       -1.48740751504198       -1.04097475262655     
   2.32031250000000       -1.47944831930313       -1.04909333216019     
   2.32812500000000       -1.47286538450382       -1.05476531817230     
   2.33593750000000       -1.47208111947857       -1.06257239456289     
   2.34375000000000       -1.47004551429072       -1.07311747927799     
   2.35156250000000       -1.46752766067602       -1.08447212819420     
   2.35937500000000       -1.46471755268720       -1.09635070123895     
   2.36718750000000       -1.46169403772622       -1.10864812836492     
   2.37500000000000       -1.45849507017866       -1.12132714653986     
   2.38281250000000       -1.45513807658566       -1.13438677752359     
   2.39062500000000       -1.45162763874843       -1.14785159084437     
   2.39843750000000       -1.44795837975552       -1.16176925352134     
   2.40625000000000       -1.44411527157709       -1.17621324863118     
   2.41406250000000       -1.44007174848307       -1.19129101390732     
   2.42187500000000       -1.43578477418474       -1.20716070731923     
   2.42968750000000       -1.43118387156651       -1.22406584286841     
   2.43750000000000       -1.42614458033912       -1.24241600849880     
   2.44531250000000       -1.42040686034930       -1.26302774094025     
   2.45312500000000       -1.41310275959840       -1.28846867418231     
   2.46093750000000       -1.39099325106065       -1.31556600732631     
   2.46875000000000       -1.36796277455855       -1.33190926116255     
   2.47656250000000       -1.34574688576026       -1.34472895301453     
   2.48437500000000       -1.32394685054801       -1.35508147254837     
   2.49218750000000       -1.30242118571098       -1.36336205258640     
   2.50000000000000       -1.28111897049321       -1.36974252822338     
   2.53125000000000       -1.19855188770159       -1.37660473160690     
   2.56250000000000       -1.12525492216986       -1.34769754855087     
   2.59375000000000       -1.11762103291873       -1.25218555895971     
   2.62500000000000       -1.19072979239113       -1.25762190170829     
   2.65625000000000       -1.23972907448284       -1.30486661400719     
   2.68750000000000       -1.27793518361644       -1.38153887416115     
   2.71875000000000       -1.30781458044161       -1.50726292145067     
   2.75000000000000       -1.20196677053539       -1.68537739489750     
   2.78125000000000       -1.05192164554441       -1.75848150214854     
   2.81250000000000      -0.894746471739886       -1.77724830580252     
   2.84375000000000      -0.739209886079109       -1.73422688486061     
   2.87500000000000      -0.633291657321591       -1.58069526197912     
   2.90625000000000      -0.682093768590261       -1.50962477961847     
   2.93750000000000      -0.702503889175254       -1.49105423657580     
   2.96875000000000      -0.712249942850056       -1.49099669537144     
   3.00000000000000      -0.714471707163566       -1.50420020252357     
   3.03125000000000      -0.701044614579251       -1.53692136636407     
   3.06250000000000      -0.661781253804813       -1.55037353397887     
   3.09375000000000      -0.626324222684867       -1.55411664403105     
   3.12500000000000      -0.592581299706825       -1.55269517710015     
   3.15625000000000      -0.560784733917358       -1.54631908461408     
   3.18750000000000      -0.533391549145803       -1.53161784089158     
   3.21875000000000      -0.523437521926247       -1.52399541688559     
   3.25000000000000      -0.509508170011100       -1.52417872236776     
   3.28125000000000      -0.493934648185520       -1.52704658148597     
   3.31250000000000      -0.477076987559883       -1.53216601085563     
   3.34375000000000      -0.458615700453178       -1.54053278617281     
   3.37500000000000      -0.429562744955137       -1.55237409325202     
   3.40625000000000      -0.397177776459821       -1.55307861871101     
   3.43750000000000      -0.366455496715865       -1.54879897343238     
   3.46875000000000      -0.337608987609775       -1.53998595717411     
   3.50000000000000      -0.311750424105565       -1.52560265502114     
   3.53125000000000      -0.293016822630171       -1.50058744862979     
   3.56250000000000      -0.306530134055331       -1.48695752984979     
   3.59375000000000      -0.311437781207273       -1.49451764117972     
   3.62500000000000      -0.311010951097234       -1.50948285647319     
   3.65625000000000      -0.306206967082778       -1.53097791165503     
   3.68750000000000      -0.296471388662232       -1.56042767420541     
   3.71875000000000      -0.277542341991018       -1.60545927760196     
   3.75000000000000      -0.215022680719188       -1.64032153281903     
   3.78125000000000      -0.158706620727839       -1.65034513693143     
   3.81250000000000      -0.105457266356832       -1.65233064379794     
   3.84375000000000      -5.406173304200641E-002  -1.64857333551680     
   3.87500000000000      -4.082716975270542E-003  -1.64004783260731     
   3.90625000000000       4.486770240532431E-002  -1.62743258513537     
   3.93750000000000       9.481034221995772E-002  -1.60931631679506     
   3.96875000000000       0.141376422571286       -1.58394818779356     
   4.00000000000000       0.184178325869627       -1.55327434736387     
   4.03125000000000       0.222625327023525       -1.51722534830796     
   4.06250000000000       0.255482786726041       -1.47533375816365     
   4.09375000000000       0.280232606090019       -1.42629143987971     
   4.12500000000000       0.285219230352574       -1.36263071585386     
   4.15625000000000       0.260525417823362       -1.33780781389159     
   4.18750000000000       0.251713298627675       -1.32555758214768     
   4.21875000000000       0.249038305517815       -1.31813405426419     
   4.25000000000000       0.250611056706033       -1.31409856980462     
   4.28125000000000       0.255912797918456       -1.31314213496555     
   4.31250000000000       0.265446686733935       -1.31586629888058     
   4.34375000000000       0.286207498347703       -1.32606697292374     
   4.37500000000000       0.319360627224795       -1.31774525340667     
   4.40625000000000       0.346844879549479       -1.30322712292876     
   4.43750000000000       0.371724218222848       -1.28563513555420     
   4.46875000000000       0.394594912096322       -1.26570174226046     
   4.50000000000000       0.415576980712499       -1.24369650235503     
   4.53125000000000       0.434517980947462       -1.21963704034094     
   4.56250000000000       0.450679417232088       -1.19300428159031     
   4.59375000000000       0.460683073719166       -1.16752009535347     
   4.62500000000000       0.470837705113537       -1.14406951519150     
   4.65625000000000       0.480265373617768       -1.12037547379890     
   4.68750000000000       0.488488915728029       -1.09608727361517     
   4.71875000000000       0.495056886896553       -1.07095282385944     
   4.75000000000000       0.499303137972622       -1.04464244477149     
   4.78125000000000       0.499811732229732       -1.01645496223294     
   4.81250000000000       0.487296455337531      -0.986463115371749     
   4.84375000000000       0.472791658132185      -0.976282925082961     
   4.87500000000000       0.464847311401804      -0.969788830545630     
   4.90625000000000       0.460366984990570      -0.965255698545983     
   4.93750000000000       0.458538179800068      -0.962236413232426     
   4.96875000000000       0.459134069425702      -0.960616217835982     
   5.00000000000000       0.462333287339288      -0.960516625800896     
   5.03125000000000       0.469028971484968      -0.962484621019934     
   5.06250000000000       0.486600907032206      -0.966961514733351     
   5.09375000000000       0.507291474105172      -0.955634442701837     
   5.12500000000000       0.523130673153747      -0.941153763439933     
   5.15625000000000       0.536491354904444      -0.925041325813035     
   5.18750000000000       0.547961825656603      -0.907728326650559     
   5.21875000000000       0.557722342348736      -0.889398876578101     
   5.25000000000000       0.565730148839281      -0.870114013398083     
   5.28125000000000       0.571670705207407      -0.849806132035766     
   5.31250000000000       0.574293560903583      -0.827992229418944     
   5.34375000000000       0.570184344013234      -0.811235030488328     
   5.37500000000000       0.569459832657522      -0.798446940606508     
   5.40625000000000       0.569924511505145      -0.786250102996837     
   5.43750000000000       0.570986055279981      -0.774362920019718     
   5.46875000000000       0.572393387979994      -0.762667437484390     
   5.50000000000000       0.574006019684035      -0.751100201006421     
   5.53125000000000       0.575729662967020      -0.739622400818553     
   5.56250000000000       0.577483648235674      -0.728207285451258     
   5.59375000000000       0.579119088612959      -0.716823587480614     
   5.62500000000000       0.580669176196147      -0.705984268892443     
   5.65625000000000       0.582544028700565      -0.695260258371449     
   5.68750000000000       0.584570567445283      -0.684587539122850     
   5.71875000000000       0.586724911607949      -0.673963435195964     
   5.75000000000000       0.589018058490992      -0.663394953415576     
   5.78125000000000       0.591495024538953      -0.652900271035509     
   5.81250000000000       0.594256997293626      -0.642517034482613     
   5.84375000000000       0.597536169093029      -0.632329096719597     
   5.87500000000000       0.602088050584488      -0.622607522807491     
   5.90625000000000       0.610445242544439      -0.609512045609758     
   5.93750000000000       0.615477060539094      -0.592843267030046     
   5.96875000000000       0.618526958139541      -0.575488424878600     
   6.00000000000000       0.619991985893761      -0.557645833302629     
   6.03125000000000       0.619949204638143      -0.539394963644333     
   6.06250000000000       0.618334789383541      -0.520769532305982     
   6.09375000000000       0.614956217942267      -0.501770009706563     
   6.12500000000000       0.609419650486545      -0.482352703411780     
   6.15625000000000       0.600844371901887      -0.462371260005030     
   6.18750000000000       0.585628682133193      -0.441082388534701     
   6.21875000000000       0.564122895775845      -0.435284357262405     
   6.25000000000000       0.550993130824311      -0.432611730222271     
   6.28125000000000       0.540858274055269      -0.430635781984389     
   6.31250000000000       0.532683311095499      -0.429117009797005     
   6.34375000000000       0.526014760323312      -0.427951868103555     
   6.37500000000000       0.520620804970967      -0.427088837563252     
   6.40625000000000       0.516393590382022      -0.426505814543653     
   6.43750000000000       0.513328709439617      -0.426205749776108     
   6.46875000000000       0.511572654932525      -0.426228855447182     
   6.50000000000000       0.511776545733286      -0.426740380685346     
   6.53125000000000       0.515492960100715      -0.424166502948965     
   6.56250000000000       0.517044128970456      -0.419439070929099     
   6.59375000000000       0.517915167654031      -0.414535104471207     
   6.62500000000000       0.518489330662931      -0.409553256946776     
   6.65625000000000       0.518924374992924      -0.404534930175575     
   6.68750000000000       0.519310026817339      -0.399503873852323     
   6.71875000000000       0.519711242991452      -0.394477123904337     
   6.75000000000000       0.520189238128414      -0.389470207055353     
   6.78125000000000       0.520822344768232      -0.384501997394021     
   6.81250000000000       0.521754850526941      -0.379605522228413     
   6.84375000000000       0.523586308947617      -0.374912515403929     
   6.87500000000000       0.526009813331319      -0.367872956200126     
   6.90625000000000       0.527192729339739      -0.360500224858904     
   6.93750000000000       0.527837569234518      -0.353014265785487     
   6.96875000000000       0.528070873186954      -0.345448440128636     
   7.00000000000000       0.527937867387175      -0.337817889933454     
   7.03125000000000       0.527447563473723      -0.330130094729219     
   7.06250000000000       0.526582308104097      -0.322387599780070     
   7.09375000000000       0.525294088391094      -0.314588159373331     
   7.12500000000000       0.523485325684860      -0.306722473589632     
   7.15625000000000       0.520945284866678      -0.298765638674507     
   7.18750000000000       0.517005274249676      -0.290628641516791     
   7.21875000000000       0.510494561474384      -0.285802868451146     
   7.25000000000000       0.506693834075091      -0.282911422756722     
   7.28125000000000       0.504000719526948      -0.280187988733243     
   7.31250000000000       0.502036204572998      -0.277574767926627     
   7.34375000000000       0.500654404933090      -0.275048713233410     
   7.37500000000000       0.499789190561810      -0.272598658985633     
   7.40625000000000       0.499415852932767      -0.270219533800876     
   7.43750000000000       0.499539278548250      -0.267910504053108     
   7.46875000000000       0.500193807396811      -0.265674810991538     
   7.50000000000000       0.501455504542102      -0.263521324542026     
   7.53125000000000       0.503488558802784      -0.261470709470551     
   7.56250000000000       0.506859574712773      -0.259597787520450     
   7.59375000000000       0.511689330497652      -0.255310022823392     
   7.62500000000000       0.515424035233541      -0.250467275841774     
   7.65625000000000       0.519118443169490      -0.245599877101349     
   7.68750000000000       0.523066091717384      -0.240745649125913     
   7.71875000000000       0.527499769168406      -0.235931720371770     
   7.75000000000000       0.532685138987899      -0.231186704459890     
   7.78125000000000       0.538987812489057      -0.226548262329185     
   7.81250000000000       0.546977836489241      -0.222073982211245     
   7.84375000000000       0.557654887579919      -0.217864433196211     
   7.87500000000000       0.573055452751484      -0.214125536413068     
   7.90625000000000       0.598468935154851      -0.211398500382517     
   7.93750000000000       0.657904681966642      -0.212190978125667     
   7.96875000000000       0.672630860493734       4.293801711793052E-018
   8.00000000000000       0.586991766655467       5.247200887456214E-019
   8.03125000000000       0.546692999712288       2.708345969351855E-018
   8.06250000000000       0.519190760906833      -4.357058693715986E-018
   8.09375000000000       0.497924771132398       4.242219821281082E-019
   8.12500000000000       0.480396802954008      -1.524726417035391E-018
   8.15625000000000       0.465379737005439       4.770157647336320E-018
   8.18750000000000       0.452176695960598      -1.587112829522715E-019
   8.21875000000000       0.440352410003043       1.343387991427522E-019
   8.25000000000000       0.429615981935925      -1.038973196741278E-017
   8.28125000000000       0.419762888297092      -6.135952318953521E-018
   8.31250000000000       0.410643540840103      -4.767800370483411E-018
   8.34375000000000       0.402145011943572       2.047469829464438E-020
   8.37500000000000       0.394179807939107      -6.988723750238882E-018
   8.40625000000000       0.386678655038341       1.042537612609540E-018
   8.43750000000000       0.379585687609660       7.122484647054696E-018
   8.46875000000000       0.372855136126983      -2.011571921971747E-018
   8.50000000000000       0.366448985207049       7.870298285066895E-018
   8.53125000000000       0.360335278544923      -4.217087296485266E-018
   8.56250000000000       0.354486866763961      -2.111949627765727E-018
   8.59375000000000       0.348880465707134      -5.081656136521021E-018
   8.62500000000000       0.343495936800035      -4.380744722884555E-019
   8.65625000000000       0.338315729110548      -1.327402822353002E-018
   8.68750000000000       0.333324441288591      -1.845562110276535E-018
   8.71875000000000       0.328508473523108       1.063551738930640E-018
   8.75000000000000       0.323855748055590      -7.275488283845465E-018
   8.78125000000000       0.319355482639829       2.760063786080301E-018
   8.81250000000000       0.314998005191382       1.892925683184697E-018
   8.84375000000000       0.310774600980038      -1.544713569292965E-019
   8.87500000000000       0.306677385588783      -4.403238687757411E-018
   8.90625000000000       0.302699198684290      -1.151762600958609E-018
   8.93750000000000       0.298833514483891       2.159989846866662E-018
   8.96875000000000       0.295074365940942      -5.384025313816644E-018
   9.00000000000000       0.291416280096514       3.064364044839998E-019
   9.03125000000000       0.287854222720724      -3.723436537235334E-018
   9.06250000000000       0.284383550656143       1.876032057158717E-018
   9.09375000000000       0.280999970584272      -2.976922332501126E-018
   9.12500000000000       0.277699503192506       1.426537861051056E-018
   9.15625000000000       0.274478451950635       2.775099862803332E-018
   9.18750000000000       0.271333375728890       1.829205527347323E-018
   9.21875000000000       0.268261064740614       1.477722736637302E-018
   9.25000000000000       0.265258519339073       3.203544679133477E-018
   9.28125000000000       0.262322931205556      -2.021803309197447E-018
   9.31250000000000       0.259451666692777      -3.011656800439038E-018
   9.34375000000000       0.256642251967987       8.960374758828959E-019
   9.37500000000000       0.253892359735525      -2.249657543408681E-018
   9.40625000000000       0.251199797380004      -3.593495533098387E-018
   9.43750000000000       0.248562496274403      -2.257229299508030E-018
   9.46875000000000       0.245978502192643       1.901587869174717E-018
   9.50000000000000       0.243445966631487      -7.348762901041504E-019
   9.53125000000000       0.240963138985449       4.748912625486724E-018
   9.56250000000000       0.238528359452100       1.178769353229743E-018
   9.59375000000000       0.236140052542243       3.478983606766874E-018
   9.62500000000000       0.233796721253248       2.173971256654779E-019
   9.65625000000000       0.231496941688010      -4.721743860428313E-019
   9.68750000000000       0.229239358176507       7.075333070561809E-019
   9.71875000000000       0.227022678778924      -4.816866966991377E-019
   9.75000000000000       0.224845671213681       4.508262102880582E-019
   9.78125000000000       0.222707159054222      -2.160071033184996E-018
   9.81250000000000       0.220606018292063       2.971401663598465E-018
   9.84375000000000       0.218541174109788       2.262798598290563E-018
   9.87500000000000       0.216511597957344       2.395951119806472E-018
   9.90625000000000       0.214516304842796       5.536448585408863E-019
   9.93750000000000       0.212554350777432       5.941973707306299E-019
   9.96875000000000       0.210624830459199      -5.623792499698425E-019
   10.0000000000000       0.208726875115237      -4.657958101931808E-020
   11.0000000000000       0.189751704650215       0.000000000000000E+000
   12.0000000000000       0.173939062596031       0.000000000000000E+000
   13.0000000000000       0.160559134704028       0.000000000000000E+000
   14.0000000000000       0.149090625082312       0.000000000000000E+000
   15.0000000000000       0.139151250076825       0.000000000000000E+000
   16.0000000000000       0.130454296947023       0.000000000000000E+000
   17.0000000000000       0.122780514773669       0.000000000000000E+000
   18.0000000000000       0.115959375064021       0.000000000000000E+000
   19.0000000000000       0.109856250060651       0.000000000000000E+000
   20.0000000000000       0.104363437557618       0.000000000000000E+000
   21.0000000000000       9.939375005487476E-002  0.000000000000000E+000
   22.0000000000000       9.487585232510773E-002  0.000000000000000E+000
   23.0000000000000       9.075081526749434E-002  0.000000000000000E+000
   24.0000000000000       8.696953129801542E-002  0.000000000000000E+000
   25.0000000000000       8.349075004609480E-002  0.000000000000000E+000
   26.0000000000000       8.027956735201423E-002  0.000000000000000E+000
   27.0000000000000       7.730625004268037E-002  0.000000000000000E+000
   28.0000000000000       7.454531254115607E-002  0.000000000000000E+000
   29.0000000000000       7.197478452249552E-002  0.000000000000000E+000
   30.0000000000000       6.957562503841233E-002  0.000000000000000E+000
   31.0000000000000       6.733125003717323E-002  0.000000000000000E+000
   32.0000000000000       6.522714847351156E-002  0.000000000000000E+000
   33.0000000000000       6.325056821673848E-002  0.000000000000000E+000
   34.0000000000000       6.139025738683441E-002  0.000000000000000E+000
   35.0000000000000       5.963625003292486E-002  0.000000000000000E+000
   36.0000000000000       5.797968753201028E-002  0.000000000000000E+000
   37.0000000000000       5.641266895006405E-002  0.000000000000000E+000
   38.0000000000000       5.492812503032553E-002  0.000000000000000E+000
   39.0000000000000       5.351971156800948E-002  0.000000000000000E+000
   40.0000000000000       5.218171877880925E-002  0.000000000000000E+000
   41.0000000000000       5.090899393054561E-002  0.000000000000000E+000
   42.0000000000000       4.969687502743738E-002  0.000000000000000E+000
   43.0000000000000       4.854113374772953E-002  0.000000000000000E+000
   44.0000000000000       4.743792616255386E-002  0.000000000000000E+000
   45.0000000000000       4.638375002560823E-002  0.000000000000000E+000
   46.0000000000000       4.537540763374717E-002  0.000000000000000E+000
   47.0000000000000       4.440997342877383E-002  0.000000000000000E+000
   48.0000000000000       4.348476564900771E-002  0.000000000000000E+000
   49.0000000000000       4.259732145208919E-002  0.000000000000000E+000
   50.0000000000000       4.174537502304740E-002  0.000000000000000E+000
   51.0000000000000       4.092683825788961E-002  0.000000000000000E+000
   52.0000000000000       4.013978367600712E-002  0.000000000000000E+000
   53.0000000000000       3.938242926702585E-002  0.000000000000000E+000
   54.0000000000000       3.865312502134018E-002  0.000000000000000E+000
   55.0000000000000       3.795034093004309E-002  0.000000000000000E+000
   56.0000000000000       3.727265627057803E-002  0.000000000000000E+000
   57.0000000000000       3.661875002021701E-002  0.000000000000000E+000
   58.0000000000000       3.598739226124776E-002  0.000000000000000E+000
   59.0000000000000       3.537743646020966E-002  0.000000000000000E+000
   60.0000000000000       3.478781251920617E-002  0.000000000000000E+000
   61.0000000000000       3.421752051069459E-002  0.000000000000000E+000
   62.0000000000000       3.366562501858662E-002  0.000000000000000E+000
   63.0000000000000       3.313125001829158E-002  0.000000000000000E+000
   64.0000000000000       3.261357423675578E-002  0.000000000000000E+000
   65.0000000000000       3.211182694080569E-002  0.000000000000000E+000
   66.0000000000000       3.162528410836924E-002  0.000000000000000E+000
   67.0000000000000       3.115326494257269E-002  0.000000000000000E+000
   68.0000000000000       3.069512869341720E-002  0.000000000000000E+000
   69.0000000000000       3.025027175583145E-002  0.000000000000000E+000
   70.0000000000000       2.981812501646243E-002  0.000000000000000E+000
   71.0000000000000       2.939815142468127E-002  0.000000000000000E+000
   72.0000000000000       2.898984376600514E-002  0.000000000000000E+000
   73.0000000000000       2.859272261852562E-002  0.000000000000000E+000
   74.0000000000000       2.820633447503203E-002  0.000000000000000E+000
   75.0000000000000       2.783025001536493E-002  0.000000000000000E+000
   76.0000000000000       2.746406251516276E-002  0.000000000000000E+000
   77.0000000000000       2.710738637860221E-002  0.000000000000000E+000
   78.0000000000000       2.675985578400474E-002  0.000000000000000E+000
   79.0000000000000       2.642112343230848E-002  0.000000000000000E+000
   80.0000000000000       2.609085938940462E-002  0.000000000000000E+000
   81.0000000000000       2.576875001422679E-002  0.000000000000000E+000
   82.0000000000000       2.545449696527281E-002  0.000000000000000E+000
   83.0000000000000       2.514781627894422E-002  0.000000000000000E+000
   84.0000000000000       2.484843751371869E-002  0.000000000000000E+000
   85.0000000000000       2.455610295473376E-002  0.000000000000000E+000
   86.0000000000000       2.427056687386477E-002  0.000000000000000E+000
   87.0000000000000       2.399159484083184E-002  0.000000000000000E+000
   88.0000000000000       2.371896308127693E-002  0.000000000000000E+000
   89.0000000000000       2.345245787811652E-002  0.000000000000000E+000
   90.0000000000000       2.319187501280411E-002  0.000000000000000E+000
   91.0000000000000       2.293701924343264E-002  0.000000000000000E+000
   92.0000000000000       2.268770381687359E-002  0.000000000000000E+000
   93.0000000000000       2.244375001239108E-002  0.000000000000000E+000
   94.0000000000000       2.220498671438691E-002  0.000000000000000E+000
   95.0000000000000       2.197125001213021E-002  0.000000000000000E+000
   96.0000000000000       2.174238282450386E-002  0.000000000000000E+000
   97.0000000000000       2.151823454796258E-002  0.000000000000000E+000
   98.0000000000000       2.129866072604459E-002  0.000000000000000E+000
   99.0000000000000       2.108352273891283E-002  0.000000000000000E+000
   100.000000000000       2.087268751152370E-002  0.000000000000000E+000
   101.000000000000       2.066602723913238E-002  0.000000000000000E+000
   102.000000000000       2.046341912894480E-002  0.000000000000000E+000
   103.000000000000       2.026474515681912E-002  0.000000000000000E+000
   104.000000000000       2.006989183800356E-002  0.000000000000000E+000
   105.000000000000       1.987875001097495E-002  0.000000000000000E+000
   106.000000000000       1.969121463351292E-002  0.000000000000000E+000
   107.000000000000       1.950718459020907E-002  0.000000000000000E+000
   108.000000000000       1.932656251067009E-002  0.000000000000000E+000
   109.000000000000       1.914925459772817E-002  0.000000000000000E+000
   110.000000000000       1.897517046502155E-002  0.000000000000000E+000
   111.000000000000       1.880422298335468E-002  0.000000000000000E+000
   112.000000000000       1.863632813528902E-002  0.000000000000000E+000
   113.000000000000       1.847140487745460E-002  0.000000000000000E+000
   114.000000000000       1.830937501010851E-002  0.000000000000000E+000
   115.000000000000       1.815016305349887E-002  0.000000000000000E+000
   116.000000000000       1.799369613062388E-002  0.000000000000000E+000
   117.000000000000       1.783990385600316E-002  0.000000000000000E+000
   118.000000000000       1.768871823010483E-002  0.000000000000000E+000
   119.000000000000       1.754007353909555E-002  0.000000000000000E+000
   120.000000000000       1.739390625960308E-002  0.000000000000000E+000
   121.000000000000       1.725015496820140E-002  0.000000000000000E+000
   122.000000000000       1.710876025534730E-002  0.000000000000000E+000
   123.000000000000       1.696966464351520E-002  0.000000000000000E+000
   124.000000000000       1.683281250929331E-002  0.000000000000000E+000
   125.000000000000       1.669815000921896E-002  0.000000000000000E+000
   126.000000000000       1.656562500914579E-002  0.000000000000000E+000
   127.000000000000       1.643518701694779E-002  0.000000000000000E+000
   128.000000000000       1.630678711837789E-002  0.000000000000000E+000
   129.000000000000       1.618037791590984E-002  0.000000000000000E+000
   130.000000000000       1.605591347040285E-002  0.000000000000000E+000
   131.000000000000       1.593334924543794E-002  0.000000000000000E+000
   132.000000000000       1.581264205418462E-002  0.000000000000000E+000
   133.000000000000       1.569375000866444E-002  0.000000000000000E+000
   134.000000000000       1.557663247128634E-002  0.000000000000000E+000
   135.000000000000       1.546125000853607E-002  0.000000000000000E+000
   136.000000000000       1.534756434670860E-002  0.000000000000000E+000
   137.000000000000       1.523553832957934E-002  0.000000000000000E+000
   138.000000000000       1.512513587791572E-002  0.000000000000000E+000
   139.000000000000       1.501632195073647E-002  0.000000000000000E+000
   140.000000000000       1.490906250823121E-002  0.000000000000000E+000
   141.000000000000       1.480332447625794E-002  0.000000000000000E+000
   142.000000000000       1.469907571234063E-002  0.000000000000000E+000
   143.000000000000       1.459628497309350E-002  0.000000000000000E+000
   144.000000000000       1.449492188300257E-002  0.000000000000000E+000
   145.000000000000       1.439495690449910E-002  0.000000000000000E+000
   146.000000000000       1.429636130926281E-002  0.000000000000000E+000
   147.000000000000       1.419910715069639E-002  0.000000000000000E+000
   148.000000000000       1.410316723751601E-002  0.000000000000000E+000
   149.000000000000       1.400851510840517E-002  0.000000000000000E+000
   150.000000000000       1.391512500768247E-002  0.000000000000000E+000
   151.000000000000       1.382297186193623E-002  0.000000000000000E+000
   152.000000000000       1.373203125758138E-002  0.000000000000000E+000
   153.000000000000       1.364227941929654E-002  0.000000000000000E+000
   154.000000000000       1.355369318930110E-002  0.000000000000000E+000
   155.000000000000       1.346625000743465E-002  0.000000000000000E+000
   156.000000000000       1.337992789200237E-002  0.000000000000000E+000
   157.000000000000       1.329470542135268E-002  0.000000000000000E+000
   158.000000000000       1.321056171615424E-002  0.000000000000000E+000
   159.000000000000       1.312747642234195E-002  0.000000000000000E+000
   160.000000000000       1.304542969470231E-002  0.000000000000000E+000
   161.000000000000       1.296440218107062E-002  0.000000000000000E+000
   162.000000000000       1.288437500711339E-002  0.000000000000000E+000
   163.000000000000       1.280532976167098E-002  0.000000000000000E+000
   164.000000000000       1.272724848263640E-002  0.000000000000000E+000
   165.000000000000       1.265011364334770E-002  0.000000000000000E+000
   166.000000000000       1.257390813947211E-002  0.000000000000000E+000
   167.000000000000       1.249861527636150E-002  0.000000000000000E+000
   168.000000000000       1.242421875685935E-002  0.000000000000000E+000
   169.000000000000       1.235070266954065E-002  0.000000000000000E+000
   170.000000000000       1.227805147736688E-002  0.000000000000000E+000
   171.000000000000       1.220625000673901E-002  0.000000000000000E+000
   172.000000000000       1.213528343693238E-002  0.000000000000000E+000
   173.000000000000       1.206513728989809E-002  0.000000000000000E+000
   174.000000000000       1.199579742041592E-002  0.000000000000000E+000
   175.000000000000       1.192725000658497E-002  0.000000000000000E+000
   176.000000000000       1.185948154063847E-002  0.000000000000000E+000
   177.000000000000       1.179247882006989E-002  0.000000000000000E+000
   178.000000000000       1.172622893905826E-002  0.000000000000000E+000
   179.000000000000       1.166071928018084E-002  0.000000000000000E+000
   180.000000000000       1.159593750640206E-002  0.000000000000000E+000
   181.000000000000       1.153187155332801E-002  0.000000000000000E+000
   182.000000000000       1.146850962171632E-002  0.000000000000000E+000
   183.000000000000       1.140584017023153E-002  0.000000000000000E+000
   184.000000000000       1.134385190843679E-002  0.000000000000000E+000
   185.000000000000       1.128253379001281E-002  0.000000000000000E+000
   186.000000000000       1.122187500619554E-002  0.000000000000000E+000
   187.000000000000       1.116186497942444E-002  0.000000000000000E+000
   188.000000000000       1.110249335719346E-002  0.000000000000000E+000
   189.000000000000       1.104375000609720E-002  0.000000000000000E+000
   190.000000000000       1.098562500606511E-002  0.000000000000000E+000
   191.000000000000       1.092810864477681E-002  0.000000000000000E+000
   192.000000000000       1.087119141225193E-002  0.000000000000000E+000
   193.000000000000       1.081486399560814E-002  0.000000000000000E+000
   194.000000000000       1.075911727398129E-002  0.000000000000000E+000
   195.000000000000       1.070394231360190E-002  0.000000000000000E+000
   196.000000000000       1.064933036302230E-002  0.000000000000000E+000
   197.000000000000       1.059527284848919E-002  0.000000000000000E+000
   198.000000000000       1.054176136945641E-002  0.000000000000000E+000
   199.000000000000       1.048878769423301E-002  0.000000000000000E+000
   200.000000000000       1.043634375576185E-002  0.000000000000000E+000
   201.000000000000       1.038442164752423E-002  0.000000000000000E+000
   202.000000000000       1.033301361956619E-002  0.000000000000000E+000
   203.000000000000       1.028211207464222E-002  0.000000000000000E+000
   204.000000000000       1.023170956447240E-002  0.000000000000000E+000
   205.000000000000       1.018179878610912E-002  0.000000000000000E+000
   206.000000000000       1.013237257840956E-002  0.000000000000000E+000
   207.000000000000       1.008342391861048E-002  0.000000000000000E+000
   208.000000000000       1.003494591900178E-002  0.000000000000000E+000
   209.000000000000       9.986931823695550E-003  0.000000000000000E+000
   210.000000000000       9.939375005487475E-003  0.000000000000000E+000
   211.000000000000       9.892268962807441E-003  0.000000000000000E+000
   212.000000000000       9.845607316756462E-003  0.000000000000000E+000
   213.000000000000       9.799383808227089E-003  0.000000000000000E+000
   214.000000000000       9.753592295104533E-003  0.000000000000000E+000
   215.000000000000       9.708226749545907E-003  0.000000000000000E+000
   216.000000000000       9.663281255335046E-003  0.000000000000000E+000
   217.000000000000       9.618750005310461E-003  0.000000000000000E+000
   218.000000000000       9.574627298864083E-003  0.000000000000000E+000
   219.000000000000       9.530907539508538E-003  0.000000000000000E+000
   220.000000000000       9.487585232510773E-003  0.000000000000000E+000
   221.000000000000       9.444654982589909E-003  0.000000000000000E+000
   222.000000000000       9.402111491677342E-003  0.000000000000000E+000
   223.000000000000       9.359949556737085E-003  0.000000000000000E+000
   224.000000000000       9.318164067644508E-003  0.000000000000000E+000
   225.000000000000       9.276750005121645E-003  0.000000000000000E+000
   226.000000000000       9.235702438727301E-003  0.000000000000000E+000
   227.000000000000       9.195016524900308E-003  0.000000000000000E+000
   228.000000000000       9.154687505054254E-003  0.000000000000000E+000
   229.000000000000       9.114710703722139E-003  0.000000000000000E+000
   230.000000000000       9.075081526749434E-003  0.000000000000000E+000
   231.000000000000       9.035795459534070E-003  0.000000000000000E+000
   232.000000000000       8.996848065311940E-003  0.000000000000000E+000
   233.000000000000       8.958234983486567E-003  0.000000000000000E+000
   234.000000000000       8.919951928001581E-003  0.000000000000000E+000
   235.000000000000       8.881994685754766E-003  0.000000000000000E+000
   236.000000000000       8.844359115052415E-003  0.000000000000000E+000
   237.000000000000       8.807041144102827E-003  0.000000000000000E+000
   238.000000000000       8.770036769547773E-003  0.000000000000000E+000
   239.000000000000       8.733342055030837E-003  0.000000000000000E+000
   240.000000000000       8.696953129801541E-003  0.000000000000000E+000
   241.000000000000       8.660866187354233E-003  0.000000000000000E+000
   242.000000000000       8.625077484100702E-003  0.000000000000000E+000
   243.000000000000       8.589583338075597E-003  0.000000000000000E+000
   244.000000000000       8.554380127673648E-003  0.000000000000000E+000
   245.000000000000       8.519464290417837E-003  0.000000000000000E+000
   246.000000000000       8.484832321757601E-003  0.000000000000000E+000
   247.000000000000       8.450480773896235E-003  0.000000000000000E+000
   248.000000000000       8.416406254646654E-003  0.000000000000000E+000
   249.000000000000       8.382605426314738E-003  0.000000000000000E+000
   250.000000000000       8.349075004609480E-003  0.000000000000000E+000
   251.000000000000       8.315811757579164E-003  0.000000000000000E+000
   252.000000000000       8.282812504572896E-003  0.000000000000000E+000
   253.000000000000       8.250074115226758E-003  0.000000000000000E+000
   254.000000000000       8.217593508473897E-003  0.000000000000000E+000
   255.000000000000       8.185367651577921E-003  0.000000000000000E+000
   256.000000000000       8.153393559188945E-003  0.000000000000000E+000
   257.000000000000       8.121668292421672E-003  0.000000000000000E+000
   258.000000000000       8.090188957954922E-003  0.000000000000000E+000
   259.000000000000       8.058952707152008E-003  0.000000000000000E+000
   260.000000000000       8.027956735201423E-003  0.000000000000000E+000
   261.000000000000       7.997198280277279E-003  0.000000000000000E+000
   262.000000000000       7.966674622718970E-003  0.000000000000000E+000
   263.000000000000       7.936383084229543E-003  0.000000000000000E+000
   264.000000000000       7.906321027092310E-003  0.000000000000000E+000
   265.000000000000       7.876485853405170E-003  0.000000000000000E+000
   266.000000000000       7.846875004332218E-003  0.000000000000000E+000
   267.000000000000       7.817485959372173E-003  0.000000000000000E+000
   268.000000000000       7.788316235643172E-003  0.000000000000000E+000
   269.000000000000       7.759363387183532E-003  0.000000000000000E+000
   270.000000000000       7.730625004268037E-003  0.000000000000000E+000
   271.000000000000       7.702098712739373E-003  0.000000000000000E+000
   272.000000000000       7.673782173354301E-003  0.000000000000000E+000
   273.000000000000       7.645673081144212E-003  0.000000000000000E+000
   274.000000000000       7.617769164789671E-003  0.000000000000000E+000
   275.000000000000       7.590068186008618E-003  0.000000000000000E+000
   276.000000000000       7.562567938957862E-003  0.000000000000000E+000
   277.000000000000       7.535266249647545E-003  0.000000000000000E+000
   278.000000000000       7.508160975368237E-003  0.000000000000000E+000
   279.000000000000       7.481250004130358E-003  0.000000000000000E+000
   280.000000000000       7.454531254115607E-003  0.000000000000000E+000
   281.000000000000       7.428002673140107E-003  0.000000000000000E+000
   282.000000000000       7.401662238128971E-003  0.000000000000000E+000
   283.000000000000       7.375507954602014E-003  0.000000000000000E+000
   284.000000000000       7.349537856170317E-003  0.000000000000000E+000
   285.000000000000       7.323750004043403E-003  0.000000000000000E+000
   286.000000000000       7.298142486546748E-003  0.000000000000000E+000
   287.000000000000       7.272713418649373E-003  0.000000000000000E+000
   288.000000000000       7.247460941501285E-003  0.000000000000000E+000
   289.000000000000       7.222383221980519E-003  0.000000000000000E+000
   290.000000000000       7.197478452249551E-003  0.000000000000000E+000
   291.000000000000       7.172744849320859E-003  0.000000000000000E+000
   292.000000000000       7.148180654631404E-003  0.000000000000000E+000
   293.000000000000       7.123784133625836E-003  0.000000000000000E+000
   294.000000000000       7.099553575348197E-003  0.000000000000000E+000
   295.000000000000       7.075487292041932E-003  0.000000000000000E+000
   296.000000000000       7.051583618758007E-003  0.000000000000000E+000
   297.000000000000       7.027840912970942E-003  0.000000000000000E+000
   298.000000000000       7.004257554202584E-003  0.000000000000000E+000
   299.000000000000       6.980831943653411E-003  0.000000000000000E+000
   300.000000000000       6.957562503841233E-003  0.000000000000000E+000
   301.000000000000       6.934447678247076E-003  0.000000000000000E+000
   302.000000000000       6.911485930968113E-003  0.000000000000000E+000
   303.000000000000       6.888675746377458E-003  0.000000000000000E+000
   304.000000000000       6.866015628790691E-003  0.000000000000000E+000
   305.000000000000       6.843504102138918E-003  0.000000000000000E+000
   306.000000000000       6.821139709648268E-003  0.000000000000000E+000
   307.000000000000       6.798921013525635E-003  0.000000000000000E+000
   308.000000000000       6.776846594650552E-003  0.000000000000000E+000
   309.000000000000       6.754915052273042E-003  0.000000000000000E+000
   310.000000000000       6.733125003717323E-003  0.000000000000000E+000
